49996
49995
49994
49992
49990
49988
49987
49985
49983
49979
49977
49973
49970
49966
49963
49960
49956
49954
49952
49950
49948
49944
49941
49939
49937
49935
49934
49931
49930
49926
49922
49921
49919
49916
49914
49913
49912
49908
49907
49905
49902
49901
49900
49898
49894
49891
49888
49886
49882
49880
49876
49873
49871
49868
49867
49863
49859
49855
49854
49850
49847
49845
49843
49839
49835
49833
49831
49827
49824
49822
49821
49817
49816
49814
49811
49809
49807
49805
49804
49800
49799
49797
49793
49790
49787
49786
49783
49779
49776
49773
49771
49767
49763
49762
49759
49757
49755
49753
49749
49745
49741
49740
49739
49735
49731
49729
49725
49722
49720
49716
49713
49712
49710
49709
49708
49706
49705
49704
49702
49701
49697
49694
49691
49688
49685
49682
49681
49677
49676
49674
49673
49672
49668
49664
49662
49661
49658
49657
49655
49654
49653
49651
49650
49647
49646
49642
49639
49637
49634
49632
49629
49626
49622
49621
49619
49617
49614
49613
49611
49608
49605
49604
49603
49601
49600
49598
49597
49596
49593
49589
49586
49585
49583
49582
49579
49576
49575
49574
49573
49569
49565
49563
49562
49558
49555
49552
49550
49549
49548
49547
49546
49545
49544
49543
49540
49538
49536
49533
49531
49528
49525
49524
49523
49521
49517
49515
49512
49511
49509
49507
49504
49503
49502
49498
49494
49493
49491
49490
49488
49487
49484
49481
49478
49476
49475
49474
49470
49467
49466
49465
49463
49462
49461
49459
49458
49455
49451
49450
49448
49446
49444
49441
49440
49436
49433
49432
49429
49425
49423
49419
49416
49415
49412
49409
49408
49407
49404
49402
49401
49398
49397
49393
49391
49390
49386
49383
49381
49379
49375
49374
49371
49367
49363
49362
49360
49358
49355
49353
49351
49350
49347
49345
49343
49342
49339
49336
49334
49333
49331
49328
49325
49324
49322
49321
49319
49317
49316
49315
49312
49309
49308
49306
49305
49302
49300
49296
49293
49292
49291
49290
49289
49288
49286
49282
49278
49275
49273
49271
49270
49267
49266
49262
49261
49259
49256
49253
49252
49249
49248
49245
49241
49239
49237
49235
49234
49232
49228
49227
49223
49222
49220
49217
49213
49212
49211
49207
49204
49200
49196
49192
49191
49189
49185
49182
49180
49177
49176
49175
49174
49171
49169
49165
49161
49158
49154
49150
49147
49144
49143
49139
49136
49133
49131
49130
49128
49124
49123
49120
49118
49116
49112
49110
49106
49105
49102
49098
49094
49093
49092
49089
49086
49083
49080
49076
49072
49071
49069
49065
49064
49063
49062
49058
49054
49052
49050
49048
49045
49044
49040
49036
49033
49029
49026
49025
49021
49018
49016
49012
49009
49008
49004
49000
48996
48993
48992
48991
48988
48984
48983
48981
48977
48973
48971
48970
48967
48963
48962
48958
48957
48954
48952
48950
48949
48948
48945
48943
48942
48938
48937
48933
48929
48928
48925
48921
48918
48916
48914
48913
48911
48908
48907
48906
48902
48898
48896
48895
48893
48891
48889
48887
48886
48883
48880
48877
48873
48872
48868
48865
48861
48857
48856
48852
48849
48847
48843
48842
48841
48838
48834
48830
48829
48825
48822
48821
48818
48815
48811
48807
48804
48800
48796
48792
48789
48785
48784
48781
48779
48775
48772
48768
48767
48766
48765
48761
48758
48755
48752
48748
48747
48746
48745
48743
48742
48738
48737
48735
48731
48727
48726
48725
48721
48719
48716
48715
48713
48712
48709
48707
48704
48701
48700
48696
48695
48693
48691
48689
48686
48683
48681
48679
48678
48676
48675
48673
48670
48669
48665
48662
48658
48654
48651
48649
48647
48645
48642
48641
48639
48636
48634
48633
48630
48627
48625
48623
48622
48619
48615
48614
48610
48606
48605
48604
48603
48599
48596
48594
48591
48587
48586
48582
48580
48579
48578
48574
48572
48568
48566
48562
48559
48557
48554
48550
48547
48545
48541
48538
48537
48535
48534
48532
48530
48528
48524
48522
48520
48518
48516
48512
48508
48507
48506
48503
48502
48498
48495
48493
48491
48487
48483
48480
48477
48476
48475
48474
48473
48471
48467
48463
48462
48458
48457
48455
48451
48448
48446
48442
48438
48434
48431
48429
48425
48424
48422
48420
48419
48417
48414
48412
48410
48408
48406
48405
48402
48399
48398
48395
48392
48390
48388
48387
48384
48382
48380
48379
48377
48375
48373
48372
48369
48365
48361
48359
48358
48356
48353
48349
48348
48345
48344
48340
48339
48338
48337
48333
48330
48329
48325
48322
48320
48316
48314
48313
48310
48309
48305
48303
48302
48301
48297
48295
48292
48289
48286
48283
48279
48277
48276
48275
48274
48270
48269
48266
48262
48259
48257
48255
48251
48250
48246
48243
48240
48238
48237
48234
48232
48230
48226
48224
48220
48218
48216
48215
48212
48210
48206
48205
48201
48198
48195
48194
48192
48188
48187
48185
48183
48182
48181
48177
48174
48173
48170
48167
48166
48164
48162
48160
48158
48155
48151
48148
48145
48143
48141
48138
48135
48134
48133
48129
48127
48124
48123
48120
48118
48114
48112
48109
48106
48104
48101
48100
48098
48095
48092
48088
48084
48083
48081
48077
48076
48073
48069
48067
48064
48060
48056
48052
48050
48047
48043
48042
48039
48038
48034
48031
48028
48024
48021
48019
48016
48012
48008
48006
48003
48000
47997
47993
47991
47990
47988
47987
47984
47981
47980
47976
47975
47974
47972
47968
47964
47962
47959
47955
47951
47947
47945
47944
47941
47940
47936
47932
47931
47930
47926
47924
47923
47920
47919
47917
47914
47912
47910
47906
47903
47901
47897
47895
47891
47887
47883
47881
47879
47875
47871
47869
47866
47863
47859
47855
47853
47852
47850
47849
47847
47846
47843
47839
47838
47837
47835
47834
47830
47828
47826
47825
47823
47821
47819
47817
47815
47814
47812
47810
47806
47802
47799
47798
47796
47794
47793
47792
47789
47787
47786
47784
47781
47778
47777
47774
47770
47767
47763
47760
47759
47756
47752
47748
47746
47743
47742
47739
47738
47734
47733
47731
47729
47726
47725
47724
47720
47719
47716
47713
47710
47706
47702
47700
47697
47695
47691
47688
47687
47686
47684
47680
47676
47675
47671
47670
47669
47666
47665
47663
47660
47658
47654
47652
47651
47647
47644
47643
47641
47640
47637
47636
47633
47630
47626
47623
47620
47618
47616
47612
47611
47610
47609
47606
47604
47600
47598
47595
47593
47590
47588
47585
47583
47582
47580
47578
47574
47573
47570
47568
47564
47562
47561
47557
47554
47553
47550
47547
47545
47544
47543
47541
47538
47534
47533
47530
47526
47525
47522
47521
47518
47515
47514
47510
47509
47505
47502
47498
47494
47491
47487
47486
47483
47479
47478
47475
47473
47469
47466
47463
47461
47457
47456
47453
47452
47451
47449
47447
47443
47440
47438
47436
47434
47431
47429
47428
47425
47424
47423
47419
47415
47411
47410
47408
47406
47403
47402
47401
47397
47396
47395
47393
47392
47391
47390
47386
47382
47379
47375
47372
47368
47364
47360
47357
47353
47350
47346
47344
47341
47339
47338
47334
47332
47331
47329
47325
47323
47320
47316
47314
47310
47309
47306
47305
47301
47299
47298
47295
47294
47290
47289
47287
47283
47280
47277
47274
47270
47268
47266
47264
47262
47259
47255
47254
47253
47251
47247
47245
47241
47240
47239
47238
47235
47232
47231
47228
47224
47223
47219
47216
47212
47209
47205
47202
47201
47200
47197
47193
47190
47187
47184
47180
47177
47174
47173
47169
47168
47167
47163
47159
47158
47155
47153
47149
47145
47141
47137
47133
47132
47130
47126
47122
47120
47116
47114
47112
47110
47109
47108
47105
47101
47098
47095
47091
47087
47086
47082
47079
47076
47073
47072
47071
47068
47064
47063
47060
47057
47053
47049
47046
47043
47042
47038
47036
47034
47032
47029
47027
47026
47024
47023
47020
47016
47012
47010
47007
47006
47002
46999
46995
46993
46989
46985
46981
46977
46976
46975
46974
46972
46968
46965
46961
46958
46956
46953
46950
46946
46944
46940
46938
46937
46936
46933
46930
46929
46925
46922
46921
46917
46916
46913
46912
46909
46907
46905
46901
46897
46895
46893
46891
46888
46887
46884
46883
46882
46879
46876
46872
46871
46868
46867
46866
46862
46859
46856
46853
46851
46849
46845
46844
46842
46838
46835
46834
46832
46828
46825
46824
46823
46821
46818
46814
46810
46809
46807
46804
46803
46802
46799
46796
46794
46793
46789
46787
46783
46780
46778
46775
46771
46769
46766
46762
46761
46758
46757
46756
46754
46750
46747
46744
46742
46738
46734
46732
46730
46727
46723
46721
46717
46713
46711
46710
46709
46706
46705
46701
46700
46696
46692
46689
46688
46685
46681
46678
46676
46672
46669
46668
46666
46662
46661
46658
46654
46650
46647
46644
46641
46640
46638
46637
46634
46632
46630
46628
46625
46624
46621
46617
46613
46610
46606
46603
46599
46598
46596
46592
46590
46586
46585
46583
46582
46580
46577
46573
46570
46567
46565
46561
46557
46553
46551
46548
46544
46542
46538
46536
46533
46532
46528
46526
46525
46521
46519
46515
46513
46509
46507
46504
46501
46499
46496
46492
46490
46489
46485
46483
46482
46479
46475
46473
46471
46468
46464
46460
46457
46456
46453
46449
46445
46443
46441
46439
46435
46432
46429
46428
46426
46422
46419
46418
46417
46416
46414
46410
46407
46405
46404
46402
46400
46397
46394
46391
46388
46387
46384
46382
46379
46375
46372
46368
46367
46363
46360
46357
46355
46354
46351
46347
46344
46340
46338
46334
46331
46328
46327
46323
46322
46320
46316
46315
46314
46312
46309
46307
46303
46299
46297
46295
46292
46290
46287
46284
46283
46281
46279
46277
46276
46275
46272
46271
46267
46263
46262
46261
46258
46256
46254
46253
46251
46249
46247
46246
46245
46244
46243
46241
46240
46236
46233
46230
46227
46226
46225
46222
46218
46216
46213
46211
46210
46207
46204
46201
46199
46195
46193
46189
46185
46181
46180
46178
46174
46170
46166
46165
46162
46159
46157
46153
46151
46150
46147
46143
46139
46138
46135
46134
46132
46130
46126
46123
46121
46119
46117
46116
46114
46112
46110
46106
46103
46099
46097
46094
46093
46092
46090
46086
46083
46082
46079
46075
46074
46071
46069
46068
46066
46063
46061
46057
46056
46053
46052
46049
46045
46042
46038
46037
46035
46034
46031
46029
46027
46025
46021
46020
46016
46012
46011
46007
46004
46003
46000
45998
45994
45993
45989
45987
45983
45980
45976
45972
45971
45968
45967
45963
45960
45959
45955
45951
45947
45945
45943
45940
45936
45932
45930
45927
45925
45921
45919
45917
45916
45912
45910
45909
45907
45905
45902
45898
45896
45893
45891
45890
45887
45883
45880
45878
45877
45874
45871
45869
45865
45863
45859
45857
45856
45855
45854
45850
45848
45845
45843
45840
45839
45835
45833
45831
45827
45824
45820
45819
45817
45813
45811
45808
45805
45802
45800
45796
45792
45788
45787
45785
45783
45779
45775
45771
45769
45767
45766
45764
45760
45759
45758
45754
45753
45751
45749
45746
45745
45744
45743
45739
45735
45731
45727
45724
45723
45721
45717
45713
45709
45706
45704
45702
45698
45695
45691
45689
45686
45684
45682
45679
45676
45674
45670
45669
45665
45663
45661
45659
45655
45651
45647
45643
45641
45638
45635
45631
45630
45628
45627
45626
45624
45620
45617
45614
45613
45611
45610
45608
45607
45606
45604
45601
45597
45593
45591
45587
45586
45583
45580
45579
45576
45572
45570
45566
45565
45563
45559
45556
45554
45550
45546
45545
45544
45543
45539
45537
45534
45533
45530
45528
45526
45525
45522
45519
45517
45515
45513
45512
45508
45506
45505
45502
45499
45498
45494
45490
45489
45486
45484
45483
45479
45478
45476
45474
45473
45469
45465
45461
45459
45457
45456
45454
45451
45449
45446
45445
45444
45440
45437
45434
45433
45432
45429
45427
45425
45421
45418
45417
45415
45412
45410
45409
45405
45403
45399
45396
45393
45392
45389
45388
45387
45383
45379
45375
45373
45372
45371
45369
45368
45364
45360
45358
45356
45354
45353
45352
45348
45344
45342
45339
45337
45333
45330
45327
45324
45320
45316
45313
45310
45306
45302
45300
45297
45294
45290
45289
45287
45284
45282
45280
45276
45273
45272
45268
45266
45263
45259
45256
45253
45249
45248
45247
45245
45241
45239
45236
45233
45232
45230
45227
45225
45221
45217
45215
45214
45212
45210
45209
45205
45204
45202
45200
45197
45195
45194
45190
45186
45182
45180
45176
45175
45172
45168
45166
45163
45162
45161
45157
45155
45152
45149
45146
45143
45141
45138
45136
45132
45130
45127
45123
45120
45119
45117
45115
45112
45109
45107
45106
45104
45103
45099
45096
45093
45090
45089
45087
45084
45082
45078
45074
45070
45068
45065
45061
45059
45055
45053
45051
45047
45044
45041
45038
45037
45036
45034
45031
45027
45026
45024
45022
45019
45018
45017
45014
45013
45012
45010
45006
45003
45002
45001
44997
44996
44994
44992
44991
44990
44986
44984
44981
44980
44979
44978
44977
44974
44970
44969
44965
44964
44963
44959
44958
44956
44952
44951
44948
44947
44944
44942
44940
44937
44934
44933
44932
44931
44927
44925
44923
44921
44918
44917
44914
44910
44909
44908
44904
44901
44898
44894
44891
44888
44885
44883
44882
44878
44877
44875
44872
44870
44869
44868
44864
44862
44860
44857
44855
44853
44850
44847
44844
44840
44837
44835
44834
44830
44828
44824
44821
44817
44816
44815
44814
44812
44808
44805
44802
44800
44796
44795
44794
44793
44790
44789
44787
44783
44782
44781
44778
44777
44773
44771
44768
44765
44764
44760
44758
44754
44752
44750
44746
44744
44741
44740
44738
44734
44731
44728
44726
44722
44721
44717
44713
44711
44709
44708
44704
44702
44699
44696
44694
44691
44690
44689
44687
44685
44682
44680
44677
44675
44674
44672
44668
44665
44664
44662
44661
44659
44656
44653
44649
44648
44646
44644
44642
44641
44638
44637
44636
44634
44631
44628
44625
44624
44622
44621
44620
44617
44615
44612
44610
44606
44603
44599
44597
44596
44592
44590
44588
44585
44581
44579
44575
44573
44569
44567
44564
44563
44559
44557
44553
44550
44548
44544
44542
44541
44538
44535
44531
44528
44524
44521
44517
44516
44515
44513
44511
44509
44506
44504
44502
44501
44499
44498
44496
44494
44493
44491
44487
44485
44484
44481
44478
44476
44474
44470
44467
44463
44459
44457
44456
44452
44448
44444
44443
44439
44435
44432
44430
44428
44424
44422
44421
44419
44415
44413
44409
44407
44406
44403
44399
44397
44396
44392
44391
44388
44386
44383
44380
44376
44372
44371
44368
44365
44363
44362
44358
44354
44351
44350
44348
44347
44345
44341
44338
44335
44332
44331
44330
44326
44323
44319
44318
44317
44316
44314
44313
44310
44308
44307
44305
44302
44298
44294
44292
44291
44289
44285
44281
44279
44277
44276
44274
44273
44272
44268
44265
44263
44262
44258
44257
44253
44250
44249
44245
44242
44238
44234
44233
44232
44230
44227
44223
44219
44218
44214
44211
44210
44208
44206
44202
44201
44198
44195
44194
44193
44192
44189
44188
44186
44182
44178
44176
44174
44170
44167
44163
44159
44155
44152
44149
44148
44146
44144
44143
44139
44138
44134
44132
44130
44129
44126
44122
44119
44117
44114
44112
44109
44108
44105
44104
44102
44100
44098
44097
44096
44093
44089
44086
44084
44083
44082
44081
44077
44073
44069
44067
44063
44060
44056
44054
44050
44048
44046
44045
44043
44040
44036
44035
44032
44028
44027
44026
44024
44022
44020
44016
44015
44012
44011
44007
44004
44003
44000
43998
43995
43991
43989
43988
43986
43983
43982
43979
43976
43972
43968
43967
43963
43959
43955
43954
43950
43948
43946
43943
43939
43937
43936
43935
43933
43930
43926
43922
43918
43915
43913
43910
43908
43906
43903
43899
43895
43891
43890
43888
43887
43886
43883
43882
43880
43877
43875
43871
43869
43865
43863
43862
43861
43859
43858
43857
43854
43852
43849
43847
43843
43839
43836
43835
43831
43828
43825
43823
43821
43817
43815
43811
43807
43806
43805
43802
43801
43798
43797
43794
43790
43786
43782
43778
43777
43773
43772
43768
43767
43765
43763
43759
43756
43752
43751
43749
43746
43743
43742
43741
43737
43734
43733
43729
43725
43721
43720
43718
43714
43713
43711
43710
43707
43704
43702
43699
43695
43693
43691
43690
43686
43685
43683
43681
43678
43676
43675
43672
43669
43668
43664
43662
43659
43657
43653
43651
43649
43648
43647
43646
43642
43641
43639
43635
43631
43630
43627
43624
43621
43617
43614
43613
43611
43610
43606
43604
43603
43600
43599
43597
43595
43592
43588
43585
43581
43577
43576
43574
43571
43570
43567
43564
43563
43559
43558
43554
43552
43550
43546
43542
43538
43536
43535
43532
43528
43527
43524
43520
43519
43515
43514
43513
43510
43509
43507
43505
43502
43501
43499
43496
43492
43491
43487
43483
43480
43478
43474
43470
43466
43463
43460
43456
43453
43452
43449
43445
43444
43440
43439
43437
43435
43432
43429
43427
43423
43419
43417
43416
43412
43408
43406
43404
43401
43399
43395
43394
43393
43391
43388
43386
43385
43382
43381
43380
43378
43375
43372
43370
43368
43365
43364
43363
43361
43360
43358
43357
43355
43353
43350
43347
43344
43342
43339
43336
43332
43328
43327
43323
43322
43318
43314
43312
43311
43310
43306
43302
43298
43295
43293
43291
43290
43287
43283
43280
43276
43272
43269
43267
43264
43261
43259
43255
43253
43251
43248
43244
43240
43239
43238
43236
43234
43231
43227
43225
43223
43221
43218
43215
43213
43212
43210
43209
43205
43203
43202
43200
43199
43197
43195
43191
43187
43184
43180
43177
43176
43172
43169
43165
43164
43160
43158
43154
43153
43150
43148
43144
43142
43138
43135
43133
43131
43129
43128
43127
43124
43120
43117
43116
43114
43112
43111
43107
43106
43103
43102
43100
43099
43095
43093
43090
43087
43083
43080
43079
43078
43076
43074
43071
43068
43066
43065
43063
43059
43058
43056
43052
43050
43049
43048
43044
43043
43040
43039
43035
43034
43033
43031
43029
43026
43022
43018
43016
43015
43011
43010
43006
43005
43003
43002
42998
42996
42992
42988
42987
42983
42981
42980
42977
42975
42972
42968
42966
42963
42962
42961
42960
42958
42954
42953
42949
42948
42945
42942
42938
42937
42933
42929
42925
42922
42921
42919
42916
42913
42912
42909
42907
42905
42902
42901
42897
42894
42892
42889
42885
42881
42880
42877
42873
42870
42869
42866
42865
42862
42861
42860
42858
42856
42853
42850
42849
42846
42844
42842
42838
42836
42833
42831
42829
42828
42826
42825
42824
42821
42818
42815
42813
42810
42807
42803
42802
42801
42800
42798
42797
42795
42792
42791
42787
42786
42784
42780
42776
42773
42772
42771
42768
42765
42763
42759
42757
42754
42753
42752
42748
42746
42743
42741
42738
42737
42734
42731
42727
42723
42720
42717
42714
42713
42712
42710
42707
42703
42701
42700
42698
42696
42695
42694
42690
42686
42682
42679
42676
42675
42672
42669
42667
42665
42661
42658
42657
42654
42651
42648
42646
42643
42640
42637
42635
42631
42628
42627
42624
42621
42620
42619
42616
42612
42610
42609
42605
42601
42598
42594
42593
42592
42589
42588
42584
42582
42579
42575
42571
42567
42566
42562
42558
42556
42552
42551
42550
42548
42547
42544
42542
42541
42539
42537
42535
42531
42529
42528
42524
42521
42518
42516
42512
42509
42507
42506
42503
42501
42500
42498
42496
42495
42494
42493
42490
42487
42486
42483
42480
42477
42473
42471
42468
42465
42461
42459
42458
42454
42453
42451
42448
42447
42446
42443
42441
42439
42436
42433
42432
42430
42426
42423
42422
42418
42417
42415
42414
42410
42407
42406
42405
42401
42397
42396
42392
42388
42386
42382
42380
42379
42376
42372
42369
42368
42365
42363
42360
42359
42355
42353
42351
42348
42345
42344
42341
42340
42339
42336
42333
42329
42326
42323
42320
42318
42316
42314
42313
42309
42305
42304
42301
42297
42295
42292
42289
42287
42284
42282
42278
42276
42274
42273
42272
42268
42265
42262
42258
42255
42253
42251
42247
42245
42241
42240
42239
42237
42235
42232
42231
42227
42225
42223
42219
42215
42211
42207
42204
42203
42200
42199
42198
42195
42192
42190
42186
42182
42180
42176
42172
42170
42167
42164
42162
42158
42156
42154
42150
42148
42146
42144
42141
42139
42138
42137
42136
42133
42132
42131
42128
42124
42122
42118
42114
42113
42112
42111
42108
42106
42104
42102
42098
42095
42092
42089
42088
42087
42084
42081
42077
42074
42071
42067
42064
42063
42059
42055
42054
42051
42047
42044
42040
42037
42036
42034
42031
42030
42026
42022
42018
42016
42013
42011
42010
42008
42006
42003
41999
41995
41993
41989
41986
41982
41978
41976
41974
41970
41968
41966
41964
41963
41962
41959
41958
41957
41954
41952
41948
41945
41944
41942
41939
41937
41934
41931
41929
41925
41921
41919
41915
41911
41907
41903
41899
41896
41894
41890
41886
41885
41881
41879
41878
41877
41876
41872
41869
41868
41864
41862
41860
41857
41855
41852
41850
41847
41844
41841
41839
41836
41834
41830
41827
41823
41821
41818
41816
41815
41812
41809
41808
41804
41803
41802
41801
41799
41796
41792
41789
41786
41783
41782
41780
41776
41773
41770
41766
41762
41759
41758
41757
41755
41754
41751
41748
41745
41742
41738
41735
41732
41728
41726
41724
41720
41716
41713
41709
41706
41705
41703
41699
41697
41693
41691
41690
41689
41687
41686
41682
41681
41678
41676
41673
41671
41667
41666
41662
41658
41655
41651
41649
41647
41644
41640
41638
41637
41636
41633
41630
41628
41626
41623
41619
41617
41614
41610
41608
41607
41604
41603
41600
41599
41597
41594
41591
41588
41584
41581
41579
41577
41574
41571
41569
41565
41561
41560
41557
41556
41554
41553
41549
41547
41545
41542
41540
41537
41535
41533
41532
41528
41527
41525
41523
41520
41519
41516
41512
41510
41508
41507
41503
41502
41500
41498
41496
41493
41491
41487
41485
41481
41479
41477
41474
41470
41469
41467
41464
41460
41459
41458
41454
41453
41450
41449
41445
41444
41442
41441
41437
41434
41433
41429
41427
41426
41424
41420
41416
41414
41413
41412
41410
41409
41407
41405
41404
41403
41400
41399
41395
41392
41390
41389
41388
41387
41386
41384
41381
41377
41374
41373
41371
41369
41368
41364
41361
41357
41354
41352
41351
41347
41343
41340
41337
41333
41329
41328
41325
41321
41319
41317
41316
41314
41310
41306
41305
41301
41298
41297
41294
41291
41287
41286
41282
41279
41277
41274
41270
41268
41266
41264
41263
41261
41258
41256
41252
41251
41249
41245
41243
41239
41237
41233
41231
41227
41223
41222
41218
41214
41211
41207
41206
41203
41199
41197
41194
41190
41187
41184
41181
41178
41175
41174
41170
41169
41165
41162
41159
41155
41151
41147
41145
41143
41140
41137
41135
41133
41130
41127
41124
41121
41117
41114
41113
41112
41111
41108
41104
41100
41097
41095
41094
41090
41087
41084
41081
41078
41074
41073
41069
41065
41061
41058
41056
41055
41054
41052
41050
41046
41044
41040
41037
41036
41032
41029
41026
41023
41019
41018
41014
41012
41011
41010
41009
41008
41006
41002
41000
40996
40994
40991
40990
40986
40985
40983
40979
40977
40974
40970
40968
40966
40963
40961
40957
40955
40951
40949
40947
40945
40941
40938
40934
40930
40927
40923
40921
40917
40913
40910
40906
40902
40898
40894
40890
40887
40884
40883
40879
40877
40874
40872
40869
40867
40864
40860
40857
40856
40854
40850
40847
40844
40842
40839
40835
40831
40827
40826
40823
40822
40821
40820
40819
40816
40812
40810
40808
40807
40804
40800
40796
40795
40794
40790
40787
40786
40782
40781
40779
40778
40777
40774
40770
40767
40764
40763
40762
40759
40755
40754
40750
40747
40744
40742
40741
40739
40735
40734
40731
40729
40728
40725
40721
40720
40716
40715
40714
40711
40707
40706
40702
40700
40699
40696
40694
40690
40688
40687
40683
40681
40679
40676
40675
40673
40671
40669
40667
40665
40663
40659
40657
40653
40650
40648
40644
40642
40639
40637
40636
40632
40628
40624
40621
40619
40615
40611
40608
40607
40604
40601
40597
40594
40590
40587
40586
40583
40581
40577
40576
40575
40571
40569
40565
40561
40557
40556
40555
40552
40551
40547
40546
40545
40541
40539
40537
40533
40529
40527
40524
40520
40519
40518
40514
40512
40508
40504
40503
40502
40501
40500
40499
40495
40494
40493
40490
40486
40483
40479
40476
40474
40472
40468
40467
40463
40461
40457
40453
40449
40446
40445
40444
40440
40437
40436
40435
40434
40432
40431
40430
40429
40427
40424
40423
40422
40421
40418
40416
40413
40412
40409
40405
40404
40400
40398
40397
40396
40395
40391
40388
40387
40383
40381
40379
40377
40374
40373
40371
40367
40363
40361
40359
40356
40354
40350
40349
40348
40347
40346
40343
40342
40339
40335
40334
40330
40327
40324
40322
40318
40317
40316
40314
40313
40312
40309
40308
40304
40300
40297
40294
40291
40290
40288
40285
40283
40282
40281
40279
40278
40277
40273
40269
40267
40266
40264
40260
40258
40254
40252
40251
40248
40245
40241
40238
40236
40234
40233
40229
40225
40223
40221
40219
40216
40213
40211
40208
40205
40202
40200
40197
40196
40193
40191
40189
40188
40187
40185
40184
40183
40181
40178
40174
40171
40169
40167
40164
40163
40160
40157
40155
40154
40152
40151
40149
40145
40144
40142
40139
40135
40131
40127
40123
40119
40115
40114
40112
40108
40105
40101
40097
40094
40092
40088
40084
40083
40079
40077
40074
40071
40067
40064
40061
40058
40054
40051
40047
40043
40041
40039
40036
40035
40033
40030
40027
40025
40021
40019
40017
40014
40012
40011
40007
40004
40002
40001
39999
39998
39996
39994
39992
39988
39984
39980
39977
39975
39974
39970
39967
39966
39965
39962
39959
39957
39955
39951
39948
39945
39941
39938
39934
39931
39930
39926
39925
39921
39917
39914
39913
39911
39910
39906
39905
39902
39901
39899
39895
39893
39892
39888
39884
39883
39881
39878
39874
39872
39869
39867
39865
39863
39862
39858
39856
39852
39849
39848
39845
39843
39842
39841
39837
39835
39834
39830
39827
39824
39820
39819
39815
39814
39811
39807
39805
39804
39802
39800
39796
39792
39791
39788
39784
39780
39778
39776
39774
39771
39767
39766
39763
39760
39756
39752
39750
39748
39745
39744
39740
39737
39735
39731
39729
39725
39721
39717
39713
39709
39706
39705
39701
39700
39698
39697
39693
39690
39689
39685
39683
39682
39680
39678
39674
39672
39669
39665
39661
39658
39654
39651
39649
39647
39646
39644
39642
39638
39637
39633
39630
39629
39628
39627
39624
39620
39617
39614
39611
39610
39608
39606
39604
39601
39598
39596
39594
39592
39591
39589
39586
39585
39583
39582
39579
39575
39572
39571
39570
39566
39563
39560
39557
39555
39551
39549
39548
39544
39543
39540
39538
39534
39533
39529
39525
39523
39520
39516
39512
39510
39506
39502
39501
39499
39497
39493
39490
39489
39488
39486
39485
39484
39480
39476
39474
39471
39468
39464
39463
39461
39459
39457
39453
39449
39447
39443
39440
39438
39436
39432
39429
39425
39422
39419
39415
39412
39408
39407
39405
39401
39400
39399
39395
39393
39389
39388
39387
39384
39382
39381
39377
39375
39372
39369
39366
39363
39362
39360
39359
39356
39353
39351
39348
39347
39344
39340
39337
39333
39331
39327
39325
39324
39320
39316
39314
39313
39311
39309
39305
39304
39302
39298
39296
39292
39290
39287
39286
39282
39279
39276
39273
39269
39267
39266
39262
39261
39258
39257
39255
39251
39250
39248
39245
39241
39237
39235
39231
39230
39227
39226
39222
39220
39216
39213
39210
39207
39204
39200
39196
39192
39188
39184
39183
39179
39178
39175
39173
39171
39167
39163
39161
39159
39157
39153
39152
39149
39148
39144
39140
39137
39136
39134
39133
39131
39127
39123
39120
39118
39114
39110
39107
39105
39101
39098
39096
39092
39089
39087
39085
39083
39082
39078
39074
39073
39071
39067
39064
39063
39059
39056
39053
39050
39048
39045
39044
39040
39036
39034
39033
39032
39030
39026
39024
39023
39019
39018
39015
39012
39008
39004
39001
38998
38996
38995
38991
38990
38987
38984
38981
38978
38977
38973
38971
38967
38966
38965
38964
38962
38958
38954
38950
38947
38946
38942
38940
38939
38935
38931
38930
38927
38925
38922
38919
38915
38913
38911
38910
38907
38905
38902
38899
38896
38895
38891
38888
38886
38883
38881
38878
38874
38871
38867
38865
38861
38860
38858
38856
38852
38850
38848
38847
38844
38841
38837
38833
38832
38829
38825
38823
38822
38819
38818
38816
38815
38812
38810
38808
38807
38803
38800
38797
38796
38793
38790
38789
38785
38783
38780
38779
38778
38775
38772
38769
38768
38764
38760
38756
38754
38752
38748
38747
38744
38740
38736
38732
38731
38730
38727
38723
38720
38716
38715
38713
38711
38708
38707
38706
38703
38700
38697
38696
38693
38691
38688
38686
38684
38683
38681
38680
38679
38678
38676
38673
38670
38668
38665
38664
38663
38659
38655
38654
38653
38649
38646
38643
38639
38636
38634
38631
38628
38624
38623
38622
38619
38616
38615
38612
38611
38609
38608
38605
38603
38602
38601
38597
38596
38593
38589
38585
38583
38580
38577
38575
38572
38571
38567
38566
38564
38560
38559
38555
38553
38551
38550
38548
38546
38544
38543
38542
38539
38538
38535
38532
38530
38526
38525
38521
38519
38516
38514
38511
38507
38504
38503
38502
38501
38499
38498
38496
38494
38492
38491
38489
38487
38486
38483
38479
38477
38476
38475
38473
38472
38471
38469
38468
38467
38465
38464
38462
38460
38456
38452
38451
38450
38446
38444
38442
38441
38438
38435
38434
38433
38430
38426
38422
38418
38415
38413
38411
38410
38407
38404
38400
38398
38395
38391
38387
38383
38379
38375
38372
38370
38369
38366
38363
38360
38357
38353
38352
38348
38346
38343
38341
38340
38339
38337
38333
38329
38327
38324
38320
38317
38315
38313
38312
38308
38305
38301
38300
38299
38297
38294
38291
38288
38286
38285
38281
38280
38279
38275
38274
38270
38269
38266
38263
38259
38255
38254
38250
38248
38247
38246
38243
38241
38240
38237
38236
38232
38228
38224
38220
38219
38217
38215
38211
38208
38206
38203
38201
38198
38195
38193
38191
38190
38186
38182
38178
38176
38174
38172
38171
38169
38167
38165
38164
38161
38157
38156
38155
38154
38152
38148
38146
38142
38141
38140
38136
38133
38130
38129
38127
38123
38119
38117
38116
38114
38113
38112
38109
38105
38104
38101
38097
38096
38095
38094
38092
38089
38085
38081
38077
38076
38073
38070
38066
38063
38062
38058
38057
38055
38054
38053
38051
38047
38045
38041
38039
38035
38031
38029
38025
38022
38018
38017
38014
38012
38011
38010
38009
38008
38007
38006
38003
37999
37996
37992
37988
37985
37982
37978
37974
37971
37970
37968
37966
37963
37959
37957
37955
37953
37952
37949
37948
37944
37940
37936
37935
37934
37933
37930
37929
37925
37921
37920
37917
37915
37911
37907
37906
37904
37901
37898
37897
37894
37891
37889
37885
37882
37878
37877
37875
37872
37868
37867
37866
37863
37861
37860
37857
37854
37853
37852
37850
37846
37844
37843
37839
37837
37833
37832
37830
37827
37824
37822
37818
37816
37813
37810
37806
37804
37803
37800
37797
37793
37790
37788
37787
37786
37783
37782
37778
37777
37774
37770
37767
37766
37763
37762
37760
37757
37756
37755
37751
37747
37744
37741
37738
37736
37735
37734
37730
37729
37728
37725
37724
37721
37720
37717
37714
37711
37708
37704
37702
37701
37698
37697
37695
37694
37691
37687
37683
37682
37678
37674
37670
37667
37663
37662
37659
37657
37653
37649
37646
37645
37643
37640
37637
37636
37632
37631
37629
37627
37624
37623
37622
37621
37618
37616
37614
37612
37611
37609
37605
37603
37602
37600
37598
37594
37593
37590
37589
37586
37583
37582
37579
37575
37573
37572
37569
37565
37562
37560
37558
37554
37551
37550
37549
37545
37543
37540
37536
37535
37531
37527
37524
37520
37516
37513
37511
37510
37507
37506
37504
37503
37499
37497
37493
37490
37487
37483
37482
37478
37477
37474
37471
37468
37466
37464
37461
37457
37454
37451
37448
37447
37446
37445
37441
37440
37439
37438
37435
37433
37430
37427
37424
37421
37418
37414
37412
37408
37404
37400
37399
37398
37397
37394
37390
37386
37385
37381
37377
37375
37371
37369
37365
37363
37359
37357
37354
37352
37348
37345
37342
37338
37334
37333
37331
37329
37326
37325
37322
37320
37317
37314
37311
37309
37308
37305
37304
37301
37299
37298
37296
37293
37292
37290
37287
37285
37282
37281
37278
37277
37276
37275
37274
37272
37271
37267
37265
37264
37263
37262
37258
37256
37254
37251
37247
37244
37241
37238
37234
37232
37228
37226
37225
37222
37219
37216
37212
37209
37205
37201
37197
37196
37195
37191
37189
37188
37186
37184
37181
37180
37177
37176
37175
37171
37168
37167
37163
37161
37157
37155
37153
37150
37149
37148
37146
37142
37140
37137
37134
37132
37129
37125
37122
37119
37118
37115
37112
37108
37106
37104
37101
37099
37096
37094
37092
37088
37085
37081
37079
37075
37073
37072
37070
37067
37064
37062
37059
37058
37055
37053
37051
37047
37044
37041
37038
37035
37034
37031
37029
37027
37023
37019
37017
37015
37012
37008
37006
37004
37001
36999
36998
36994
36993
36989
36987
36984
36981
36978
36974
36972
36971
36970
36968
36967
36963
36962
36958
36955
36953
36949
36947
36945
36942
36938
36936
36932
36929
36927
36923
36919
36918
36917
36915
36912
36908
36904
36901
36897
36893
36891
36887
36885
36882
36880
36876
36873
36871
36868
36865
36862
36860
36857
36855
36851
36849
36845
36842
36840
36837
36835
36832
36828
36824
36823
36822
36821
36818
36816
36814
36810
36807
36804
36803
36800
36799
36796
36795
36794
36793
36789
36786
36782
36779
36775
36771
36768
36764
36761
36757
36756
36752
36749
36746
36742
36740
36737
36733
36731
36730
36728
36727
36724
36723
36720
36717
36714
36713
36712
36708
36707
36704
36701
36697
36693
36692
36688
36685
36684
36681
36678
36677
36674
36672
36668
36667
36663
36659
36655
36651
36649
36645
36642
36639
36636
36633
36632
36631
36628
36626
36624
36621
36618
36617
36616
36613
36610
36607
36604
36601
36599
36598
36596
36593
36592
36590
36588
36587
36585
36582
36579
36576
36573
36570
36566
36564
36562
36560
36557
36553
36551
36549
36546
36542
36539
36535
36531
36528
36527
36523
36522
36520
36516
36512
36511
36507
36503
36501
36497
36493
36490
36486
36483
36481
36480
36479
36478
36474
36470
36468
36466
36463
36461
36460
36457
36454
36451
36447
36445
36443
36440
36439
36436
36433
36429
36426
36423
36420
36418
36414
36410
36407
36404
36400
36397
36396
36395
36394
36390
36388
36387
36386
36382
36380
36377
36376
36374
36371
36370
36367
36366
36365
36364
36362
36359
36357
36355
36351
36350
36348
36345
36343
36342
36338
36337
36336
36335
36332
36329
36326
36325
36321
36319
36316
36312
36311
36307
36303
36302
36298
36297
36295
36293
36290
36289
36288
36287
36285
36283
36281
36279
36276
36273
36270
36267
36263
36261
36260
36257
36254
36253
36250
36246
36244
36240
36239
36237
36236
36235
36234
36232
36228
36225
36224
36223
36219
36218
36214
36211
36207
36205
36203
36202
36198
36196
36195
36193
36189
36187
36184
36182
36178
36174
36173
36172
36171
36168
36166
36163
36160
36156
36154
36150
36146
36143
36140
36136
36133
36129
36128
36125
36124
36123
36119
36115
36114
36112
36110
36107
36106
36104
36102
36101
36097
36094
36093
36089
36086
36085
36082
36078
36075
36072
36070
36066
36062
36059
36057
36055
36053
36050
36049
36047
36043
36041
36037
36033
36030
36027
36025
36024
36020
36018
36017
36016
36015
36011
36007
36005
36002
35999
35996
35994
35991
35990
35988
35986
35985
35983
35982
35979
35975
35974
35972
35969
35968
35966
35962
35961
35960
35958
35955
35952
35951
35947
35944
35941
35939
35935
35932
35930
35929
35927
35926
35923
35922
35921
35917
35914
35911
35907
35905
35903
35900
35899
35897
35895
35893
35890
35886
35882
35881
35879
35878
35875
35873
35870
35869
35865
35863
35862
35858
35856
35855
35852
35849
35846
35845
35841
35837
35836
35834
35833
35829
35826
35822
35820
35818
35816
35813
35812
35808
35807
35804
35803
35799
35797
35794
35790
35789
35788
35785
35783
35780
35777
35773
35772
35771
35769
35765
35761
35759
35755
35754
35751
35749
35748
35745
35743
35742
35740
35739
35737
35735
35732
35731
35729
35726
35722
35718
35714
35711
35707
35704
35700
35698
35697
35693
35691
35688
35687
35685
35683
35680
35676
35675
35672
35671
35670
35669
35668
35667
35664
35661
35658
35657
35653
35649
35647
35645
35641
35639
35636
35633
35631
35629
35627
35625
35621
35617
35613
35610
35606
35605
35603
35599
35595
35593
35592
35591
35588
35586
35582
35579
35576
35572
35571
35568
35566
35563
35562
35561
35557
35555
35551
35548
35545
35542
35539
35535
35533
35529
35528
35524
35521
35518
35514
35512
35510
35508
35504
35503
35499
35497
35493
35492
35489
35486
35484
35481
35480
35478
35477
35473
35472
35469
35466
35463
35460
35458
35454
35451
35447
35444
35441
35438
35435
35431
35429
35428
35427
35423
35422
35419
35415
35412
35410
35409
35405
35404
35401
35400
35398
35397
35396
35392
35391
35390
35389
35386
35383
35379
35376
35375
35372
35371
35370
35369
35365
35364
35362
35360
35358
35356
35352
35351
35349
35346
35343
35341
35340
35339
35337
35333
35331
35329
35327
35326
35323
35319
35317
35313
35310
35307
35306
35304
35301
35298
35295
35293
35290
35286
35284
35283
35280
35277
35275
35271
35267
35266
35262
35260
35258
35256
35255
35254
35251
35247
35245
35242
35241
35238
35236
35234
35233
35231
35228
35226
35223
35221
35219
35218
35217
35214
35210
35207
35205
35202
35201
35198
35196
35192
35191
35189
35188
35185
35182
35179
35175
35174
35171
35167
35164
35160
35156
35152
35148
35145
35143
35140
35138
35135
35134
35130
35126
35122
35118
35116
35113
35109
35107
35103
35101
35099
35095
35091
35087
35083
35082
35078
35074
35070
35067
35066
35065
35063
35059
35058
35057
35055
35054
35050
35049
35045
35043
35041
35038
35034
35033
35032
35031
35028
35025
35021
35020
35016
35015
35014
35011
35009
35006
35004
35003
34999
34996
34994
34991
34989
34988
34984
34980
34979
34976
34975
34972
34970
34966
34962
34958
34954
34950
34946
34944
34940
34939
34935
34931
34929
34925
34923
34920
34916
34915
34913
34910
34909
34907
34905
34903
34901
34899
34897
34895
34893
34891
34890
34889
34886
34882
34879
34875
34871
34869
34865
34864
34863
34859
34856
34855
34854
34852
34850
34848
34845
34842
34840
34838
34834
34831
34827
34823
34821
34818
34817
34814
34811
34807
34803
34800
34799
34795
34791
34788
34784
34782
34781
34779
34777
34774
34773
34772
34771
34770
34769
34767
34764
34763
34759
34757
34756
34752
34749
34747
34744
34740
34738
34736
34732
34731
34727
34724
34721
34719
34716
34713
34711
34710
34706
34705
34703
34702
34699
34695
34693
34690
34688
34684
34682
34681
34677
34673
34672
34668
34665
34664
34662
34661
34657
34654
34652
34648
34646
34642
34640
34638
34635
34631
34630
34628
34627
34624
34622
34621
34617
34615
34612
34609
34606
34605
34601
34597
34594
34591
34587
34586
34585
34583
34581
34580
34576
34573
34572
34570
34567
34563
34561
34559
34557
34554
34552
34549
34545
34543
34542
34539
34536
34535
34531
34528
34526
34524
34522
34520
34516
34515
34511
34507
34503
34499
34495
34493
34489
34487
34484
34481
34478
34477
34475
34474
34471
34470
34466
34464
34460
34457
34456
34452
34448
34445
34444
34441
34438
34434
34431
34430
34426
34422
34420
34418
34416
34415
34411
34407
34404
34403
34400
34396
34393
34389
34385
34382
34378
34374
34373
34372
34370
34368
34364
34361
34360
34357
34353
34351
34349
34346
34342
34340
34336
34333
34329
34326
34323
34322
34318
34316
34313
34310
34309
34307
34303
34301
34299
34298
34294
34291
34288
34286
34285
34284
34283
34281
34280
34276
34274
34273
34270
34266
34264
34261
34259
34257
34253
34251
34250
34246
34243
34242
34240
34237
34236
34234
34231
34228
34226
34224
34220
34216
34213
34212
34210
34208
34205
34201
34198
34197
34195
34193
34189
34188
34186
34185
34182
34181
34179
34177
34175
34173
34169
34167
34163
34162
34158
34155
34151
34149
34148
34144
34141
34139
34138
34134
34132
34128
34127
34126
34125
34121
34118
34115
34113
34109
34105
34102
34099
34095
34093
34089
34086
34083
34081
34080
34076
34075
34072
34068
34064
34061
34060
34058
34054
34052
34051
34048
34047
34045
34044
34042
34041
34040
34039
34035
34034
34032
34030
34028
34026
34025
34022
34019
34015
34014
34012
34010
34009
34005
34001
34000
33998
33994
33991
33988
33985
33982
33979
33975
33971
33970
33969
33965
33963
33960
33959
33956
33953
33950
33948
33945
33943
33942
33940
33937
33934
33932
33928
33925
33924
33920
33917
33916
33913
33910
33907
33906
33903
33899
33896
33893
33892
33891
33888
33886
33883
33881
33879
33876
33875
33872
33869
33865
33863
33859
33855
33854
33852
33849
33845
33841
33837
33834
33832
33829
33826
33824
33822
33819
33817
33816
33815
33812
33810
33807
33803
33801
33797
33793
33791
33789
33787
33785
33783
33780
33777
33776
33774
33772
33769
33765
33763
33761
33760
33757
33753
33749
33745
33744
33742
33740
33737
33735
33731
33728
33726
33725
33722
33719
33717
33716
33715
33714
33712
33708
33704
33703
33702
33698
33695
33691
33687
33686
33685
33681
33680
33677
33674
33672
33670
33669
33668
33664
33660
33659
33657
33654
33652
33651
33650
33646
33642
33638
33636
33634
33630
33628
33625
33621
33617
33613
33611
33608
33605
33603
33599
33598
33595
33591
33587
33585
33582
33581
33580
33577
33573
33572
33570
33567
33564
33560
33557
33553
33549
33548
33545
33542
33538
33535
33532
33529
33527
33523
33521
33520
33519
33515
33512
33508
33506
33502
33499
33495
33494
33491
33487
33486
33483
33482
33478
33477
33473
33469
33468
33467
33463
33460
33456
33453
33451
33448
33447
33444
33443
33439
33436
33432
33431
33428
33424
33423
33421
33419
33417
33416
33414
33412
33408
33407
33405
33402
33398
33394
33392
33389
33388
33387
33386
33383
33379
33378
33377
33374
33373
33371
33367
33364
33363
33361
33360
33357
33353
33350
33348
33347
33343
33342
33340
33337
33336
33334
33332
33331
33328
33325
33323
33321
33320
33317
33314
33312
33309
33307
33306
33305
33302
33298
33297
33296
33294
33290
33287
33284
33280
33278
33274
33272
33268
33266
33264
33260
33257
33254
33253
33250
33246
33245
33241
33240
33238
33237
33234
33233
33231
33227
33223
33219
33215
33211
33210
33208
33207
33203
33202
33201
33197
33193
33189
33187
33183
33180
33179
33176
33172
33170
33168
33166
33164
33161
33158
33155
33154
33153
33149
33148
33144
33141
33140
33138
33134
33133
33131
33130
33126
33122
33118
33117
33114
33110
33106
33105
33104
33102
33100
33097
33095
33093
33091
33088
33084
33081
33079
33075
33074
33072
33069
33065
33061
33060
33058
33057
33054
33050
33048
33045
33044
33042
33041
33038
33035
33034
33031
33028
33027
33025
33022
33018
33014
33013
33010
33009
33005
33004
33002
33000
32997
32996
32994
32993
32990
32989
32988
32987
32984
32980
32976
32972
32971
32967
32965
32961
32958
32954
32952
32949
32945
32943
32942
32941
32938
32936
32932
32929
32927
32924
32923
32919
32917
32914
32911
32908
32905
32901
32900
32899
32896
32893
32889
32887
32886
32883
32880
32876
32874
32870
32866
32862
32861
32858
32857
32856
32853
32852
32848
32846
32843
32841
32837
32836
32835
32833
32830
32828
32827
32823
32820
32816
32812
32808
32806
32804
32801
32797
32795
32792
32788
32784
32781
32777
32774
32772
32768
32766
32762
32758
32755
32752
32751
32749
32745
32742
32738
32735
32732
32730
32727
32726
32722
32718
32714
32711
32709
32706
32704
32700
32697
32693
32691
32689
32686
32684
32680
32677
32674
32673
32669
32665
32664
32661
32658
32656
32654
32651
32648
32645
32644
32642
32638
32637
32634
32630
32629
32628
32625
32624
32623
32622
32620
32616
32614
32613
32609
32606
32605
32604
32601
32598
32595
32592
32591
32590
32587
32585
32582
32579
32575
32571
32570
32569
32565
32564
32563
32560
32557
32556
32553
32549
32546
32544
32542
32539
32535
32532
32531
32527
32524
32522
32519
32517
32516
32512
32509
32505
32504
32502
32498
32496
32495
32493
32489
32485
32482
32479
32475
32471
32467
32465
32462
32459
32456
32453
32451
32449
32446
32444
32440
32437
32436
32432
32429
32426
32424
32421
32419
32418
32415
32411
32410
32408
32407
32406
32402
32401
32400
32398
32394
32391
32390
32388
32387
32386
32383
32382
32379
32377
32374
32371
32368
32366
32363
32360
32357
32354
32350
32348
32347
32345
32344
32343
32342
32340
32336
32332
32330
32329
32328
32325
32322
32318
32314
32311
32309
32305
32302
32301
32300
32296
32295
32291
32290
32289
32285
32282
32280
32277
32276
32275
32272
32271
32267
32266
32262
32260
32256
32253
32249
32245
32242
32238
32236
32232
32229
32228
32224
32221
32218
32216
32213
32210
32207
32206
32204
32201
32198
32195
32193
32189
32185
32182
32181
32179
32176
32172
32171
32169
32168
32167
32165
32164
32163
32160
32158
32155
32154
32151
32147
32144
32140
32138
32137
32135
32131
32127
32125
32122
32121
32119
32116
32114
32110
32106
32102
32101
32099
32097
32095
32093
32090
32087
32083
32079
32075
32073
32071
32070
32066
32065
32063
32061
32057
32053
32051
32048
32044
32041
32037
32035
32034
32032
32031
32027
32025
32022
32020
32016
32015
32012
32011
32010
32006
32004
32001
31998
31996
31995
31994
31990
31989
31985
31983
31979
31975
31973
31972
31968
31966
31962
31959
31957
31955
31951
31950
31946
31945
31944
31940
31938
31937
31936
31934
31932
31930
31927
31925
31922
31920
31917
31914
31912
31909
31905
31901
31897
31895
31894
31890
31888
31884
31882
31880
31879
31876
31874
31870
31867
31866
31865
31862
31860
31856
31853
31851
31847
31845
31841
31839
31835
31831
31830
31826
31823
31820
31817
31815
31813
31811
31810
31808
31804
31800
31798
31796
31795
31794
31790
31787
31786
31785
31782
31781
31778
31774
31770
31766
31763
31762
31761
31760
31758
31754
31751
31747
31743
31741
31738
31735
31731
31730
31728
31725
31721
31717
31714
31712
31710
31708
31705
31703
31699
31697
31693
31689
31688
31684
31681
31677
31676
31672
31668
31665
31663
31659
31656
31652
31651
31649
31648
31646
31642
31638
31634
31632
31629
31626
31622
31619
31615
31612
31608
31604
31600
31597
31594
31591
31589
31587
31584
31581
31577
31576
31573
31569
31565
31562
31558
31557
31555
31554
31552
31548
31544
31543
31542
31541
31540
31536
31532
31529
31528
31525
31522
31518
31517
31515
31514
31512
31509
31506
31503
31502
31500
31496
31493
31490
31488
31485
31482
31480
31478
31475
31473
31470
31467
31465
31464
31462
31458
31454
31452
31450
31448
31446
31442
31439
31437
31435
31433
31431
31430
31426
31423
31422
31418
31416
31412
31409
31407
31405
31403
31401
31400
31398
31396
31392
31391
31389
31386
31384
31380
31379
31378
31377
31374
31371
31370
31369
31366
31365
31364
31361
31357
31356
31355
31351
31348
31347
31344
31343
31341
31339
31335
31331
31329
31327
31324
31321
31318
31316
31314
31311
31310
31309
31305
31303
31299
31295
31292
31288
31286
31282
31279
31277
31275
31273
31269
31266
31265
31263
31259
31257
31255
31251
31250
31249
31246
31244
31241
31239
31237
31235
31234
31233
31232
31229
31226
31222
31218
31214
31210
31208
31206
31202
31200
31197
31195
31194
31193
31192
31189
31186
31184
31181
31177
31174
31173
31170
31166
31162
31159
31156
31154
31151
31149
31148
31147
31144
31142
31140
31138
31137
31136
31132
31131
31129
31128
31126
31122
31121
31119
31117
31116
31114
31112
31109
31105
31103
31101
31099
31095
31093
31091
31088
31085
31084
31082
31079
31076
31074
31073
31070
31069
31067
31064
31060
31057
31056
31052
31049
31046
31044
31041
31038
31035
31033
31031
31030
31026
31024
31023
31021
31018
31016
31012
31011
31009
31007
31003
31002
31000
30998
30996
30992
30988
30986
30985
30981
30977
30973
30969
30966
30964
30962
30959
30958
30956
30953
30952
30948
30946
30943
30940
30936
30935
30934
30930
30929
30927
30926
30924
30921
30920
30917
30913
30909
30908
30907
30904
30902
30898
30897
30893
30892
30890
30888
30887
30884
30880
30878
30876
30873
30869
30865
30864
30861
30858
30856
30853
30852
30849
30847
30845
30842
30840
30838
30837
30835
30834
30831
30827
30823
30821
30820
30818
30814
30811
30809
30805
30802
30800
30798
30797
30794
30792
30789
30787
30783
30780
30779
30777
30774
30772
30771
30769
30768
30767
30766
30765
30763
30759
30757
30754
30750
30746
30742
30738
30734
30733
30729
30727
30723
30721
30719
30715
30711
30710
30707
30706
30702
30699
30695
30694
30690
30689
30688
30684
30681
30679
30678
30676
30672
30670
30669
30665
30662
30659
30657
30655
30653
30649
30646
30643
30642
30640
30637
30636
30635
30631
30628
30627
30623
30619
30615
30612
30610
30609
30607
30603
30600
30596
30593
30592
30588
30585
30582
30581
30578
30577
30573
30569
30567
30565
30564
30562
30561
30557
30555
30554
30552
30551
30548
30545
30544
30540
30538
30535
30534
30530
30527
30526
30523
30519
30517
30513
30509
30507
30505
30504
30502
30499
30498
30497
30493
30489
30486
30484
30482
30480
30479
30476
30475
30471
30468
30466
30463
30459
30458
30454
30453
30449
30448
30444
30443
30439
30436
30434
30433
30432
30429
30425
30422
30419
30415
30412
30410
30407
30403
30400
30396
30393
30392
30390
30387
30385
30381
30379
30375
30372
30370
30369
30367
30364
30363
30361
30360
30356
30354
30350
30347
30344
30343
30342
30338
30334
30331
30327
30326
30322
30321
30318
30315
30313
30310
30309
30308
30306
30303
30301
30298
30294
30292
30291
30290
30289
30288
30285
30283
30282
30278
30277
30274
30270
30266
30265
30263
30260
30259
30257
30256
30253
30250
30247
30246
30244
30240
30236
30234
30232
30229
30228
30225
30221
30219
30215
30214
30212
30210
30206
30203
30202
30200
30196
30195
30192
30188
30187
30184
30180
30179
30176
30174
30172
30171
30167
30166
30162
30161
30159
30155
30154
30150
30147
30144
30142
30139
30135
30133
30129
30127
30125
30124
30122
30118
30117
30114
30110
30108
30107
30104
30102
30101
30098
30097
30095
30093
30091
30089
30087
30085
30082
30080
30077
30074
30071
30067
30064
30060
30059
30058
30056
30053
30052
30051
30047
30045
30042
30041
30037
30036
30033
30029
30026
30024
30021
30018
30016
30013
30009
30005
30004
30001
30000
29997
29994
29993
29990
29986
29983
29980
29976
29974
29971
29967
29964
29963
29959
29956
29955
29954
29953
29949
29945
29942
29941
29938
29936
29933
29932
29929
29926
29925
29922
29921
29917
29916
29915
29914
29910
29907
29903
29901
29898
29897
29893
29889
29888
29887
29885
29882
29880
29876
29874
29873
29871
29870
29869
29866
29863
29860
29858
29857
29855
29854
29852
29848
29846
29843
29841
29839
29836
29834
29831
29828
29825
29823
29821
29819
29816
29812
29808
29807
29803
29799
29795
29791
29788
29786
29783
29779
29778
29774
29772
29770
29766
29765
29763
29760
29757
29754
29750
29747
29746
29743
29742
29738
29735
29732
29730
29726
29723
29722
29718
29714
29711
29707
29706
29704
29702
29700
29698
29694
29690
29686
29682
29680
29677
29673
29672
29671
29670
29669
29665
29664
29661
29660
29659
29657
29656
29654
29653
29652
29651
29647
29646
29643
29641
29640
29637
29636
29635
29632
29630
29627
29625
29624
29621
29617
29613
29610
29609
29608
29607
29605
29604
29602
29599
29596
29593
29590
29586
29585
29583
29581
29579
29576
29573
29570
29568
29566
29562
29558
29556
29553
29551
29549
29545
29541
29538
29537
29533
29532
29530
29528
29526
29525
29524
29520
29516
29512
29508
29506
29503
29500
29499
29496
29492
29489
29487
29484
29482
29479
29476
29473
29471
29468
29465
29463
29459
29456
29452
29449
29448
29447
29444
29442
29438
29435
29433
29429
29425
29422
29419
29415
29413
29410
29406
29403
29400
29396
29395
29392
29388
29386
29385
29383
29379
29375
29372
29371
29368
29365
29363
29360
29356
29352
29350
29349
29345
29342
29339
29336
29332
29329
29327
29326
29323
29321
29320
29316
29312
29309
29307
29303
29299
29297
29294
29293
29292
29290
29289
29286
29284
29283
29282
29281
29280
29279
29277
29274
29272
29269
29265
29261
29258
29254
29253
29249
29245
29242
29240
29236
29234
29233
29231
29229
29226
29225
29221
29220
29218
29216
29215
29213
29211
29210
29208
29204
29200
29197
29196
29192
29188
29186
29184
29181
29178
29174
29170
29167
29163
29162
29160
29157
29154
29151
29149
29146
29145
29142
29139
29138
29136
29135
29131
29127
29126
29123
29122
29121
29118
29115
29113
29111
29110
29107
29106
29103
29099
29097
29093
29092
29089
29086
29085
29083
29082
29079
29075
29072
29070
29068
29064
29060
29059
29057
29056
29053
29050
29048
29047
29044
29040
29039
29035
29034
29031
29029
29025
29023
29020
29018
29016
29015
29011
29009
29005
29004
29002
29000
28997
28995
28992
28990
28987
28983
28981
28978
28975
28974
28971
28969
28967
28966
28964
28961
28960
28959
28958
28954
28952
28951
28950
28948
28944
28941
28937
28935
28931
28927
28923
28920
28917
28914
28910
28907
28905
28903
28900
28898
28895
28893
28891
28888
28885
28884
28882
28881
28877
28875
28872
28870
28867
28865
28864
28862
28861
28860
28858
28854
28852
28848
28847
28845
28844
28840
28837
28834
28830
28826
28824
28823
28819
28818
28815
28812
28811
28808
28807
28805
28804
28802
28801
28797
28794
28790
28788
28784
28780
28777
28775
28774
28773
28769
28767
28766
28762
28760
28759
28758
28754
28752
28750
28748
28747
28745
28744
28743
28742
28741
28737
28736
28734
28731
28730
28726
28722
28721
28719
28718
28716
28712
28709
28708
28706
28702
28700
28698
28697
28693
28689
28686
28685
28684
28680
28677
28673
28672
28668
28665
28661
28660
28656
28655
28654
28650
28649
28648
28647
28646
28644
28643
28640
28636
28634
28630
28627
28624
28623
28620
28616
28614
28610
28606
28602
28601
28599
28596
28593
28591
28588
28584
28582
28581
28579
28576
28572
28571
28569
28568
28566
28564
28563
28560
28558
28556
28552
28548
28545
28544
28542
28540
28538
28534
28533
28532
28529
28525
28522
28519
28517
28515
28512
28510
28507
28506
28502
28498
28494
28493
28490
28488
28484
28481
28478
28476
28475
28471
28467
28464
28461
28457
28455
28452
28451
28448
28447
28444
28442
28440
28436
28434
28430
28426
28424
28422
28419
28418
28414
28411
28407
28403
28399
28395
28392
28390
28389
28385
28384
28380
28377
28373
28372
28370
28366
28363
28361
28358
28356
28354
28351
28350
28348
28345
28342
28338
28337
28334
28332
28328
28325
28321
28320
28318
28315
28314
28311
28309
28307
28306
28302
28301
28298
28297
28294
28293
28289
28285
28284
28281
28277
28273
28272
28269
28265
28264
28263
28260
28258
28255
28251
28247
28244
28240
28238
28235
28233
28232
28229
28225
28221
28219
28215
28212
28210
28208
28206
28203
28199
28197
28193
28189
28185
28184
28183
28179
28176
28173
28171
28168
28166
28162
28158
28156
28154
28152
28149
28148
28146
28145
28143
28142
28141
28139
28137
28136
28132
28130
28127
28126
28125
28121
28120
28119
28115
28111
28107
28105
28101
28097
28096
28093
28092
28091
28088
28087
28084
28081
28080
28078
28074
28071
28068
28066
28063
28061
28057
28053
28050
28049
28047
28043
28039
28035
28031
28027
28023
28019
28016
28014
28010
28006
28005
28001
27997
27995
27993
27990
27986
27982
27978
27977
27975
27974
27973
27970
27969
27968
27965
27962
27961
27957
27956
27954
27953
27949
27945
27944
27943
27939
27937
27933
27930
27926
27922
27918
27915
27911
27907
27904
27903
27899
27898
27896
27893
27891
27889
27885
27884
27882
27878
27875
27871
27867
27864
27860
27857
27855
27851
27847
27843
27842
27841
27840
27837
27833
27832
27829
27827
27826
27823
27819
27815
27813
27810
27808
27806
27805
27801
27798
27794
27791
27790
27786
27784
27780
27776
27774
27771
27767
27763
27760
27757
27756
27753
27752
27750
27747
27744
27743
27742
27738
27734
27730
27726
27723
27721
27718
27716
27712
27709
27707
27705
27702
27701
27699
27697
27696
27692
27690
27686
27684
27682
27680
27679
27677
27675
27671
27667
27664
27662
27661
27658
27655
27654
27651
27649
27648
27647
27644
27643
27639
27635
27631
27627
27625
27624
27621
27618
27617
27616
27612
27609
27608
27607
27606
27602
27599
27597
27596
27595
27591
27588
27586
27583
27582
27581
27578
27577
27574
27571
27567
27564
27561
27557
27556
27553
27552
27549
27546
27542
27540
27536
27533
27529
27527
27526
27523
27520
27516
27512
27510
27507
27505
27504
27503
27499
27498
27495
27491
27489
27486
27482
27479
27476
27475
27472
27471
27470
27467
27464
27462
27460
27459
27458
27456
27454
27452
27451
27447
27446
27442
27439
27435
27433
27431
27428
27427
27423
27419
27417
27413
27411
27409
27407
27403
27399
27396
27395
27391
27390
27386
27385
27383
27380
27376
27373
27371
27369
27366
27362
27359
27357
27356
27355
27352
27350
27348
27345
27343
27339
27337
27334
27330
27326
27324
27323
27321
27320
27319
27316
27314
27313
27309
27307
27303
27302
27301
27300
27296
27294
27290
27288
27285
27284
27281
27280
27278
27275
27274
27271
27269
27266
27265
27261
27259
27258
27256
27253
27250
27249
27246
27244
27241
27237
27233
27231
27230
27229
27228
27224
27222
27219
27217
27216
27213
27211
27207
27203
27202
27200
27199
27195
27193
27191
27189
27187
27183
27182
27181
27177
27176
27175
27172
27171
27169
27167
27166
27163
27160
27156
27153
27150
27146
27144
27143
27141
27137
27136
27134
27131
27128
27124
27121
27118
27116
27113
27109
27107
27104
27103
27102
27098
27094
27090
27087
27085
27081
27077
27076
27072
27068
27066
27063
27059
27057
27055
27051
27050
27049
27047
27044
27040
27038
27034
27032
27029
27026
27024
27023
27019
27016
27013
27011
27009
27008
27007
27006
27005
27004
27003
26999
26998
26996
26992
26988
26986
26985
26984
26983
26981
26977
26975
26972
26970
26966
26962
26958
26955
26952
26948
26945
26944
26940
26936
26932
26931
26929
26927
26923
26921
26918
26915
26912
26911
26908
26907
26903
26901
26900
26898
26896
26895
26891
26888
26884
26883
26880
26878
26874
26871
26869
26868
26865
26864
26862
26858
26857
26854
26852
26849
26845
26844
26842
26840
26839
26837
26836
26832
26828
26825
26822
26819
26818
26816
26814
26810
26806
26805
26801
26797
26793
26790
26789
26786
26784
26780
26776
26775
26771
26770
26767
26764
26762
26758
26756
26752
26750
26746
26743
26742
26738
26735
26732
26728
26726
26723
26720
26718
26716
26715
26712
26711
26709
26707
26703
26701
26699
26696
26692
26691
26687
26684
26680
26677
26675
26671
26670
26667
26663
26661
26658
26656
26654
26651
26647
26646
26644
26642
26639
26636
26632
26630
26628
26626
26625
26622
26618
26615
26612
26611
26610
26609
26605
26602
26601
26597
26594
26593
26590
26586
26585
26582
26581
26580
26578
26576
26573
26571
26570
26568
26564
26561
26560
26556
26553
26551
26548
26545
26542
26540
26536
26532
26531
26530
26527
26524
26522
26519
26515
26514
26511
26509
26507
26503
26502
26500
26497
26493
26490
26489
26485
26482
26480
26476
26472
26468
26464
26462
26460
26456
26454
26453
26449
26448
26445
26443
26439
26435
26431
26428
26424
26423
26419
26415
26413
26410
26408
26407
26403
26402
26400
26396
26392
26390
26387
26383
26379
26377
26374
26371
26368
26365
26363
26359
26358
26355
26354
26350
26346
26342
26341
26338
26336
26334
26330
26329
26326
26325
26323
26320
26318
26314
26313
26311
26309
26305
26301
26300
26296
26294
26292
26290
26286
26284
26281
26277
26276
26274
26272
26268
26266
26262
26259
26255
26252
26249
26248
26244
26242
26239
26237
26234
26232
26230
26229
26228
26227
26224
26222
26221
26218
26216
26213
26209
26206
26204
26201
26197
26195
26193
26191
26190
26189
26186
26185
26181
26178
26177
26173
26170
26169
26168
26164
26160
26158
26155
26153
26152
26150
26146
26144
26142
26138
26136
26135
26133
26130
26127
26123
26121
26117
26113
26112
26108
26106
26103
26101
26099
26096
26095
26094
26093
26092
26089
26086
26084
26081
26078
26075
26074
26072
26070
26068
26065
26061
26059
26058
26056
26053
26052
26051
26047
26043
26040
26038
26035
26034
26032
26029
26028
26024
26023
26022
26020
26016
26012
26009
26008
26004
26001
26000
25997
25995
25994
25991
25989
25988
25984
25983
25979
25978
25976
25974
25971
25968
25967
25963
25962
25961
25957
25956
25955
25951
25949
25945
25943
25939
25936
25935
25931
25929
25926
25923
25919
25918
25916
25915
25911
25908
25906
25902
25901
25897
25896
25892
25889
25885
25882
25879
25878
25875
25872
25871
25868
25866
25862
25858
25854
25853
25849
25846
25844
25843
25842
25839
25835
25833
25832
25828
25824
25821
25819
25818
25814
25811
25810
25809
25805
25803
25800
25799
25795
25794
25792
25791
25790
25788
25784
25780
25778
25774
25772
25768
25765
25764
25761
25759
25758
25757
25756
25752
25749
25745
25741
25739
25735
25732
25729
25728
25724
25721
25717
25714
25713
25711
25710
25706
25704
25703
25700
25698
25696
25695
25694
25691
25688
25684
25681
25678
25675
25674
25672
25668
25665
25662
25659
25656
25654
25652
25649
25648
25645
25642
25640
25636
25633
25631
25628
25624
25623
25620
25619
25615
25611
25607
25606
25603
25601
25598
25596
25594
25590
25589
25585
25584
25580
25576
25572
25570
25567
25566
25563
25559
25558
25555
25553
25552
25550
25547
25546
25542
25540
25536
25533
25530
25526
25524
25520
25517
25516
25514
25513
25512
25508
25506
25503
25502
25498
25496
25493
25492
25488
25485
25481
25478
25477
25474
25471
25470
25466
25465
25463
25460
25456
25455
25451
25450
25449
25448
25444
25440
25438
25436
25435
25434
25430
25426
25424
25421
25417
25414
25413
25410
25406
25405
25402
25400
25399
25398
25397
25395
25394
25392
25389
25385
25382
25378
25374
25373
25372
25369
25365
25363
25362
25361
25357
25355
25352
25351
25349
25348
25346
25345
25343
25340
25337
25335
25334
25330
25327
25325
25322
25320
25319
25317
25315
25314
25311
25308
25305
25301
25300
25297
25295
25291
25288
25286
25282
25279
25277
25274
25270
25266
25264
25260
25259
25257
25253
25252
25251
25250
25246
25244
25243
25239
25236
25233
25231
25227
25223
25222
25219
25217
25213
25211
25209
25205
25204
25201
25199
25197
25196
25195
25192
25190
25186
25185
25183
25179
25175
25172
25168
25166
25164
25161
25159
25156
25153
25151
25147
25146
25144
25140
25138
25137
25134
25131
25130
25129
25128
25125
25123
25121
25117
25115
25113
25109
25107
25105
25104
25103
25100
25097
25095
25091
25089
25086
25082
25080
25079
25075
25071
25068
25067
25064
25063
25062
25059
25056
25053
25051
25049
25048
25047
25045
25043
25039
25037
25034
25030
25026
25023
25022
25018
25017
25016
25013
25012
25010
25007
25003
24999
24998
24997
24996
24993
24992
24990
24989
24985
24981
24979
24975
24971
24969
24967
24963
24961
24960
24956
24952
24948
24944
24942
24940
24936
24933
24932
24929
24925
24922
24920
24919
24916
24912
24908
24907
24905
24904
24903
24902
24901
24899
24895
24891
24887
24885
24882
24878
24875
24874
24872
24871
24868
24867
24864
24862
24861
24857
24855
24854
24851
24848
