30025
13772
5459
11690
33863
32937
18222
42944
43365
704
38624
11347
13829
2655
17268
10696
11283
16687
46128
13662
14343
43078
10208
42055
6231
48685
22635
39425
12666
27417
15768
12112
6951
10168
3049
36954
27067
30234
13236
33743
46025
39370
18707
22931
15707
4599
24178
39338
5095
2323
23845
27598
45
35191
46140
18496
10589
6593
38799
5977
27814
38267
22803
31163
27673
42969
16303
22937
892
47135
20936
46127
30746
29677
45671
3056
21848
808
27821
19018
9954
22021
23421
1208
17059
4229
1575
34868
42276
39704
23029
34470
48971
16255
49854
37806
21605
41986
16729
30890
7887
43642
27564
37940
35982
28029
19985
1932
28463
22756
18505
38301
45160
6314
35499
6574
15356
41811
26741
32407
46750
44598
12179
42286
45981
23721
41390
10093
34014
46952
36139
22130
47016
35825
18420
47363
40152
18159
43444
6907
20868
48688
21756
630
33596
26549
25315
6932
12637
49110
32746
19150
35824
32464
37837
34899
10415
8925
8581
24236
45096
16973
30698
47604
30586
30870
14134
16142
44091
28614
33029
44050
24572
13440
21768
13656
12868
41147
34473
2176
1177
49411
4473
40587
20782
8505
49413
41033
23430
254
26983
3584
3911
11000
43305
18117
121
11726
32116
34011
4765
2310
6918
9685
45483
46072
42674
8793
48563
20255
23042
36612
12901
23052
13351
26068
17677
36902
11121
30437
34598
30914
4138
5212
41967
32058
22492
18105
25146
15038
15971
15293
433
18772
11533
1688
2692
44428
33214
6717
29837
1317
21777
45092
14373
37398
16152
19116
38639
16794
46420
5163
21521
6043
1360
35955
19908
6025
27080
2900
31729
42312
40087
44808
30731
48307
34253
13438
36859
25616
44752
9318
36310
38450
2650
28694
42715
18373
16240
36327
37129
9226
3522
38879
44078
16671
4382
3227
31834
25113
19103
21305
12049
14384
14884
22320
10783
13592
42699
13068
9285
32600
14587
20314
802
48137
49761
33228
5102
47837
15570
41945
36368
7817
21200
23332
29439
28800
35608
28919
47445
44125
25207
5309
1151
44652
34541
31945
36705
30358
8746
16182
27526
48472
41669
47963
13509
49679
45723
28378
18224
3474
9956
33718
17366
44987
46465
27311
776
3923
28738
17276
10873
5897
5492
16867
14590
34527
7143
3495
46084
21842
42750
44815
10753
16835
31120
28895
36483
3847
22891
17653
13221
8167
41432
12675
35424
24613
3497
16532
4046
10076
30543
16668
25450
37746
19752
48304
4211
40493
47430
17023
28782
14223
29803
13516
31659
38111
1296
39705
9552
26165
17493
1793
28706
38242
29427
13234
31763
23882
32685
486
29397
14319
47716
1693
47052
26155
4953
44248
25761
47033
31838
18484
3778
21233
7958
35312
935
2766
42363
44125
192
2174
19422
23938
36539
41189
6200
49945
22673
21582
28079
39274
28768
1296
19925
1057
12435
12472
91
27182
7341
10217
738
26713
11748
43405
16722
3856
6282
36006
3747
10671
28488
6245
23977
17307
6643
27670
16621
42795
17456
10998
29557
30227
12707
4035
5238
12142
43443
2382
45808
11831
12394
7151
6616
36116
21801
22838
36579
29104
32360
11145
49469
17748
36986
42511
346
31809
2686
10423
38564
40908
32115
42070
47987
742
44323
28123
9050
9463
18912
8961
590
24103
20829
38800
42146
24185
24067
29904
48781
15524
48787
26332
42349
27343
32811
22991
7317
17880
35042
11789
16706
44000
10765
11680
10507
1975
8676
21774
25383
41696
6095
28691
31704
39681
5625
40561
31509
7562
31735
5472
4405
28431
14626
30771
47031
31715
44799
47705
25727
37363
10960
39213
49643
2092
31172
507
5171
5914
377
5614
36143
6254
10722
2955
5426
12714
9331
11604
34308
3885
24601
474
43550
36502
49959
32530
9998
48550
16411
8466
43803
28791
24734
11113
43234
31218
33402
11768
28398
2370
2039
16609
25591
43235
17406
25050
34721
23206
32399
35630
13669
5684
30989
5584
27580
4044
4774
7741
27592
42875
48257
26413
19933
21719
12368
16150
15388
9288
46133
877
18273
35828
11745
41577
35474
9765
1511
33638
10792
30856
39648
2147
49642
45605
18487
44601
20564
16998
612
2072
39127
29207
28294
31471
32922
2632
13529
25687
16126
34161
38904
26174
4175
7619
14204
35915
17126
39111
29474
39138
7499
33141
12218
5638
15848
22739
43179
41574
14569
37624
13845
7494
8016
48572
41503
6363
28852
43422
12478
36818
969
49297
5671
42445
43196
32420
33627
11787
41525
29245
14241
14531
37886
26065
15762
9725
2371
20274
19326
35293
6991
8326
1852
10253
29878
13183
3710
25382
36258
37101
3571
4122
18676
10556
39717
30001
40188
29259
46643
28813
24564
19019
27402
4652
16278
21983
14124
39211
37422
19798
34018
47394
37147
38883
37181
13183
9470
22213
22072
38530
28837
11496
23162
17394
19586
7991
23512
32875
37299
17787
9639
5173
42983
23653
13599
35426
20598
3748
18443
38067
34191
34900
32284
19831
42191
5395
31773
2194
16493
13457
31586
18662
6483
29107
426
35408
10070
44196
9923
32593
20790
45289
14380
32151
12673
26079
31766
19576
46739
33092
12563
4363
5640
48030
12577
4099
22305
49932
5648
44952
41973
3399
41902
37635
23855
19668
25509
14694
13141
31177
35674
33895
29096
38137
23462
39911
45079
12190
44865
17938
27615
14514
32106
42069
4494
12890
26355
32375
6965
11072
12009
23990
19066
45867
41938
3583
3613
31565
41327
10714
24211
15785
7921
33183
14654
34927
16744
16713
14078
43701
38342
43477
45216
13411
1601
39814
48468
24539
21704
30681
49661
18676
38573
16480
26194
27202
32080
12734
47201
30435
47037
27822
4771
19896
7660
48944
5083
42174
20454
432
16359
8568
22615
40084
40041
10523
26239
31923
17856
12581
41042
25597
21823
21435
16255
39242
36351
33790
31486
9507
31232
34857
27971
20551
7707
10106
17199
3115
17187
4394
27141
16914
29721
41723
26858
34900
14479
48045
26261
19102
8484
10876
13815
10278
18830
27706
37732
12440
19830
37877
46623
32242
33181
48276
47252
10985
37693
33107
12574
12550
22202
15929
1129
28993
41895
41602
45057
17304
32628
7342
6794
9788
38789
19509
34089
40520
49822
13717
47823
16494
38395
18313
28422
12480
10924
30856
12932
42984
10526
11400
12733
613
46564
28909
39285
31410
16596
22401
8898
25076
47710
49393
38560
31825
11319
46114
1374
36343
4068
44111
48469
37808
30290
8080
28105
45408
10642
46488
23160
1560
16721
42107
46496
16971
22038
36618
18237
20857
10933
45773
26448
3453
43217
16716
40379
16688
45645
20281
47288
31865
36659
7981
3514
39474
222
36494
7019
49399
11266
2569
22404
861
47564
2354
8987
10236
25139
35702
48790
31099
12734
39193
47663
11607
49759
32608
37968
39583
1245
36365
23565
31631
13471
5603
44560
20791
33828
31829
26912
7400
49184
14927
33819
5546
25425
41392
33010
27980
30384
14707
29364
7690
46530
24584
33122
11764
12142
14708
11938
11953
36249
37618
10495
13359
23565
12292
26638
19061
3592
39706
45163
20375
12193
14573
35378
5365
15717
33065
35433
17713
1887
22421
42170
33306
49463
2800
28511
42234
45649
29258
17382
33641
19686
28732
36708
4428
36384
45797
15750
1134
29118
49058
25042
7065
11815
45960
31324
2992
24876
27601
45812
4284
33382
41474
16653
26321
17727
32005
9625
24013
43500
33591
42656
26396
21736
46047
34799
5723
10044
42570
13660
28055
29802
15615
31736
45665
26760
8948
31854
24257
29978
47389
42728
22035
42937
31035
34720
35266
35519
8137
3252
49408
9060
38254
45411
30799
48978
23472
9236
5583
42533
22166
43493
26756
15503
29463
29889
1139
25688
6740
29067
7034
44386
18559
21415
19593
34330
4663
33112
28561
43706
27649
40212
37895
36380
7349
22163
33588
26841
30530
23766
7452
24944
44174
25397
4969
35970
12813
30433
40676
8281
22125
46552
31712
15033
42781
2758
20355
26655
42648
2280
46481
9238
14898
4397
8582
48200
47693
6053
23824
47169
8952
1099
29399
38560
33141
13023
1178
20151
25366
23516
34776
26577
33331
21720
43847
40323
7690
40874
7508
3403
26931
14165
42728
15093
991
47619
18019
3357
17965
16381
13095
40974
13160
41142
36516
17497
18049
1832
14267
37777
4612
12614
48369
27427
22649
41648
2035
34132
36586
6645
11905
11538
24044
28243
29432
28
16348
13977
15551
7870
10311
37278
19149
36436
31989
1515
11541
26271
36947
31859
35504
35430
10893
48259
49334
21444
44804
46259
4456
45023
8529
17020
26364
46409
41558
29301
6102
38991
125
15574
15920
11791
992
44381
46278
42086
17140
31214
7424
33735
19666
46900
8333
13112
40099
31191
24328
40375
35256
2310
3210
5210
3235
40260
22828
22179
48918
7951
42950
37794
10774
1387
35625
46212
8091
46173
28182
28762
6391
32899
37161
33700
43232
15457
6853
22476
43964
31478
28381
6496
45544
43773
156
135
16373
18015
44994
25268
5423
22870
18284
2104
15099
27501
32063
43202
18253
25219
35824
24161
4484
11038
48403
15707
8754
20667
28590
25686
48811
10708
9097
39491
36809
34907
45956
3338
47770
7699
20165
7089
19895
40365
21916
37990
13985
18608
22789
13196
35898
40290
13178
37938
42413
47731
16162
30590
9260
32137
18522
21209
15540
27445
13662
7108
48463
45956
20613
46409
44613
45458
15750
37772
49248
22026
58
8544
14859
48152
9440
24502
19701
47567
45254
30208
12632
49926
3931
5251
5473
47692
26591
35915
32667
44813
5075
30600
7741
4365
36402
4215
1212
45794
44859
2971
13342
38750
47050
39354
37997
28937
10706
35540
6963
49085
37674
14366
13480
7019
13025
2221
21478
46907
31055
46670
597
35808
26569
3122
34536
10506
32992
759
29154
1653
2087
28946
32390
17455
22224
16535
5099
36839
3746
32027
8888
9313
10280
2385
2225
18902
43737
32209
17502
88
24255
18247
29764
46402
25270
9143
627
40558
17908
27486
35916
25889
15679
15187
11452
30513
49135
27949
27113
27686
40050
2430
44695
48974
4181
16173
27464
34395
16726
40370
16238
6327
17059
7210
16494
18008
42286
25994
1491
16734
30944
18687
21980
7656
27062
28980
1268
49623
20749
750
40683
20891
19750
30002
12053
26185
1893
41414
18239
12014
22572
11908
20746
541
7599
45626
48134
3268
10132
42783
49804
49245
32857
36528
20056
41936
5937
7496
36993
44310
36988
33071
46678
29080
7682
43209
47286
42006
11852
33951
1580
5587
11440
23419
4134
9693
15863
26300
1312
40267
2140
44154
31522
10080
24611
31411
21042
27772
41795
23716
3271
45793
1073
33667
42620
18002
22347
31801
3661
32360
46846
15821
11346
22206
14677
41548
42709
10716
30687
14996
37712
36418
19067
10463
8
12170
19826
43725
23856
36800
38288
7995
28156
18061
44449
11360
10979
45134
3109
4917
21343
39091
19647
39236
25493
7860
3696
1977
32539
1134
11914
1606
43915
31835
14164
34691
49091
37664
16025
16466
38357
15903
49437
16161
36066
48093
46030
19608
34062
15982
31106
31186
15424
46316
16211
27640
43705
18919
16324
3977
36910
26102
17534
8182
32275
13899
21803
23065
40518
38885
1790
15590
14966
32175
19629
22442
14190
25990
30989
880
12881
31672
31240
3570
37379
14151
14061
49181
11682
39548
35845
17981
17184
15321
1389
19559
5054
2503
39029
9590
45878
36510
30004
42060
22661
46339
49109
7034
36035
9659
44674
2508
15457
22462
6795
38091
4605
45031
35795
15366
16613
376
20216
41435
8086
25418
5997
23678
45935
17297
30789
5228
24679
41374
9710
4458
24744
47663
45016
1206
49366
46705
23361
11519
26256
7141
41614
11761
38914
29169
10343
15912
32132
11325
20448
33078
46515
28685
42288
38015
40202
11855
17024
12881
47709
25386
47714
47746
34737
34631
33450
29873
21291
13579
8381
41775
10612
1874
20453
35334
21221
24488
2063
26887
33525
29360
44450
32914
26540
38104
10683
13950
7843
30083
19913
42425
28571
28646
27026
11785
34518
21567
22496
8880
14085
31118
6140
22782
12031
25048
43925
49872
6139
30160
14877
35863
27819
20262
30161
23204
23333
29660
46514
9950
45182
41187
43925
6006
14021
35797
30339
27762
44602
27499
25325
7046
2761
44510
7857
44593
15431
49690
49041
22578
872
46511
16134
13323
5066
26385
14145
27022
46113
34608
5833
26341
33216
30530
13190
1774
14241
21291
22361
10722
49
20846
19798
32103
38779
45998
21551
16011
44207
18238
42590
17393
6847
45814
17278
11768
38166
25623
40295
30551
41797
11717
7332
41589
36236
39171
24387
5844
29329
29293
8936
22718
33247
15534
17198
10327
3614
32146
31051
33602
3099
22166
2687
31216
7413
42044
24233
29314
20228
30938
49526
27520
26709
38530
31943
29363
32565
4588
11661
39180
45610
6143
19492
2183
12313
21983
15577
26538
30487
33712
35482
44824
8672
44920
28696
40419
34621
26227
27307
20173
470
14752
25939
35503
38180
19080
46790
23330
21121
3839
23291
27307
46399
2052
1809
27460
15298
48579
48716
7797
44874
31961
11998
21026
47344
1463
26622
42862
16669
32511
45400
16797
41314
3771
39377
34359
45031
40494
19524
30968
41843
13330
25790
45620
26229
41712
21875
45592
14733
27215
35099
15579
39530
13011
11836
11044
37393
24774
40981
12085
2535
661
9732
49845
22123
4337
12692
30300
11586
14294
36887
46999
21952
1832
24476
15083
34000
28601
45245
39046
47040
4711
21560
49889
39372
9554
13256
1825
2150
33563
6735
47005
19167
7624
930
46170
613
11733
19057
37394
39752
33876
36609
13012
5258
46709
41352
11508
39715
4672
38901
5827
5790
39119
27897
44553
11556
14249
22262
10607
30819
27737
47714
32841
4922
23517
43880
26512
3620
31770
17499
35630
12750
48461
21528
11299
3527
8557
10391
10756
28259
40924
1773
25619
40908
49339
2498
24457
3781
13213
47514
1408
34140
2516
45090
33086
26492
23160
35800
11083
21756
5526
21319
15603
48664
21445
22574
22167
49129
17411
29196
47518
31220
19822
20491
42153
12540
17727
28934
38549
43204
22929
42199
49433
35781
18288
450
7166
20201
22972
19511
44046
4498
13644
5672
31526
24825
4287
27624
48181
21638
1965
45356
41783
23177
29421
34609
47963
17220
28720
28169
18303
9797
33738
33619
11550
44115
42881
39062
41855
1380
19645
38986
25887
40920
30960
45203
39913
29318
27503
25578
16338
39233
7390
34714
25361
5095
15690
26116
48875
36934
12336
9840
48445
26923
5803
4321
47506
8776
34170
5842
43909
48113
7008
37251
30080
7220
28933
40843
31186
45891
25434
31704
35535
42287
29130
11498
15026
48402
32076
4904
2910
25896
3572
1854
13122
37995
35177
27300
12634
23962
39441
16924
47394
20358
11017
39415
44950
34473
45697
30436
46948
37059
44468
29158
44563
43650
49765
29425
23133
47245
12677
32033
552
37517
45041
32839
562
17641
28007
36401
15754
34748
7097
5813
43884
2485
36587
11690
34420
40347
2967
1107
22884
41435
16800
27304
32673
16399
24547
18434
12967
47789
42649
23555
21308
5433
34425
22784
5202
37192
39178
1725
35046
3666
46886
25155
32998
46611
13371
36352
37472
17534
24219
36395
33685
3838
19539
31490
35260
2059
36360
43218
24274
15557
35885
9426
831
49329
33425
10173
17221
31981
6518
21994
49122
33137
34236
8489
42036
25827
22556
14588
5676
35191
48785
1616
15483
19634
32048
17047
1193
6281
17592
31028
11764
17243
8964
22034
19606
48327
39758
22848
11439
20123
47550
20989
23233
31803
32288
38556
34203
35386
7203
1636
46733
12504
49101
24679
5722
25368
44988
29213
36188
45821
41431
22220
3793
20433
46979
7110
37730
42017
514
16191
24565
25000
18166
31066
28920
33894
5204
8303
19566
22028
41587
19803
19607
7159
42931
38083
24999
42951
16650
5510
48648
18507
10889
20895
21179
43339
15630
29668
20458
49986
25059
23262
28969
31925
18435
45205
20683
15316
35661
5735
20017
44908
40689
2836
39437
6743
7799
12601
13765
14465
1119
22168
8978
7207
2787
38400
3640
6094
13304
37854
39696
47918
37395
21312
31297
32169
10329
21553
25966
43595
31727
8758
5209
12783
40320
20068
13924
4236
41341
17548
26408
44299
36302
14885
24879
23142
26759
35044
9867
46510
39558
36298
32618
15977
29960
44857
49361
35750
47995
10276
44053
10078
37918
34691
29656
3737
19285
30016
41377
27386
24809
29345
27364
12729
39324
22690
12817
33194
20986
37374
43465
6591
16155
35610
39066
43751
21349
46878
46571
18753
19006
11825
25571
45041
18350
18944
45540
13054
26771
14698
8469
46501
30607
25467
32030
47758
11788
21555
22908
27513
45648
38258
36180
30676
10043
10435
45124
21004
61
40226
28309
41309
2869
27643
42669
48713
46900
30129
44657
29857
48943
44359
11303
41794
33923
30462
46873
36654
34163
34876
38902
19222
32285
39829
4162
19874
43484
953
3598
38765
38534
22698
15010
49151
3093
24056
7095
4248
16626
49882
47137
44726
16301
19131
15481
49140
18393
31951
4345
9263
39221
12641
34401
19957
45350
42746
16231
32716
4223
21984
47130
39741
43187
45833
23415
15019
45569
4938
12596
41220
22557
19920
16490
19731
240
13114
18417
26078
35862
12209
49827
30195
39061
22998
35954
46570
16957
32102
46805
3735
41883
32844
8109
14608
25703
1971
26423
26213
4286
48518
9818
31056
34810
20167
5999
3898
48492
25272
35249
20134
10172
17977
21482
28207
49431
46158
26029
36362
28423
40460
11922
13927
32625
16689
395
30330
8440
22333
22054
32128
25119
2960
795
12864
22107
17889
48741
45695
28006
16393
39821
3600
11408
14090
30258
35398
15744
30703
37445
27127
29465
8481
20721
9008
49224
32242
7832
3407
2009
26058
44536
36049
41417
11484
21612
25112
20357
10485
8831
8
40354
20160
7259
26990
7814
22504
35632
13597
20980
33979
35808
45735
5125
23623
42726
3205
43745
47973
15399
40691
17934
47567
5569
14219
41439
48158
42769
43788
49741
8452
48305
2246
26339
23939
31725
7205
38163
12440
36902
5032
29878
9496
11632
13405
14961
3605
42486
27
38467
42988
17278
5003
2538
46639
22998
12819
25702
14986
3933
12896
10501
10132
35103
14944
45022
22724
46728
17066
28153
44157
28474
5722
29483
11112
8586
6685
11711
27116
46356
28437
32240
10509
32015
34793
37667
15998
17082
21277
31585
16020
23014
16025
43603
34872
16686
27960
6406
26456
17776
9552
10910
12908
1504
30457
39622
12464
13314
2427
32229
25651
10292
30600
10364
45354
10958
4963
60
35137
42290
41724
49733
45599
35838
2826
4681
47957
18400
15763
47728
8740
38521
9771
8804
12872
44122
14950
37036
24948
32315
29403
1541
6235
33307
568
4508
12936
38385
22540
33785
7179
35745
31957
40422
785
8266
28583
973
42078
9372
28197
10575
5146
1143
42575
34784
34917
21678
27832
384
13640
9338
4866
11061
15146
25708
5352
8964
23339
8538
33640
32270
43873
35787
14668
9015
24268
32685
44916
8834
29752
23955
23857
31736
40351
32797
9664
4087
696
38255
18865
33367
47312
49955
23971
22504
20899
23003
22349
44119
19607
26126
28812
17983
43366
18132
25588
14092
7014
46941
36277
6123
23094
18011
3308
14750
20263
11968
4226
19227
47860
12801
44293
26964
28144
4890
5217
49729
2683
812
13867
26265
992
1025
27898
14416
40958
256
26018
16426
5025
220
28654
48702
43725
32631
34906
49782
150
28868
23178
13490
34318
17353
11130
32492
39180
22163
19570
15350
6181
21924
29638
35567
15130
87
30584
47477
31566
30676
6154
14405
28418
27855
39348
30974
19087
39851
14110
33379
38832
27628
1531
47567
44553
15402
49506
23778
21479
44465
8297
32426
24966
35302
209
24013
32345
44100
11865
24722
31513
47395
36447
33824
49341
7674
1786
38654
40659
13116
13517
31834
26984
12670
11656
3061
47690
29656
3969
38395
36311
43594
38267
32944
46449
3462
40080
21526
21584
42667
34144
10348
13924
2066
25174
20480
46662
38785
46819
21124
43162
16204
35562
14558
33268
12956
16439
44554
38435
23464
34605
38827
39742
13631
23946
318
8938
984
23481
30175
29557
43425
2372
26133
48850
39795
42275
24552
2209
2855
42709
4115
30266
45842
38650
13764
10102
17035
2732
10289
19083
47165
38040
2692
7682
17543
6988
32311
5014
8689
39070
34779
21243
16346
22278
33682
35240
10076
30217
33069
2962
48769
42532
38335
36695
44655
30417
36864
32676
13134
7065
21421
26963
49051
12870
35741
42501
29941
19811
10815
12360
27060
17283
2559
12917
6153
15179
41671
18456
16065
33021
29698
23725
9779
21090
24908
19524
36057
38195
21525
32192
43
16947
39076
33777
48422
9437
12952
13756
29484
37589
32874
40100
36277
18366
30942
48312
644
5064
28040
17881
11332
46899
2620
21413
43089
22084
22030
35893
42995
10131
11687
28703
3988
15359
3481
46985
26083
42254
22282
25771
4753
32469
33148
49759
25497
9393
765
47160
49821
43999
36250
23708
36859
1630
12430
6048
18286
43839
49512
1791
31457
44454
7995
22645
13470
36368
40096
11998
24101
19504
24886
41334
11640
48904
33977
26317
17795
3872
44927
36185
3769
42534
37423
20184
3609
34627
25421
22416
46447
34342
5360
36309
35959
17631
22837
37847
25757
10170
46876
31844
49488
35173
15152
13073
42325
13920
1349
23889
34487
6688
24329
47759
31212
42192
16556
44382
17234
9254
6892
13163
40792
25789
46585
18731
9786
20547
44392
8774
39317
23969
13939
10592
35256
45554
12621
20944
44827
21330
33188
11503
15801
19733
49135
2894
9641
37298
40966
20484
29179
11370
12544
4179
33421
27496
2183
278
26397
13702
3401
14537
42505
18505
43544
23045
4450
6507
24785
1991
25215
14403
16122
27147
2942
4771
9203
10954
45189
9966
20095
48781
14503
21892
22605
7901
25490
43851
28334
25849
2757
39483
49883
9955
78
17718
33295
30216
10737
47907
37999
681
45669
26118
107
47322
40969
6989
17148
4647
29476
14425
29325
18286
45290
17575
44166
30669
42522
47802
33187
14201
24772
34279
16227
37032
34072
12301
12492
2827
47386
6975
46572
31644
39793
4367
39643
32160
25774
33896
25964
43624
11738
36136
26082
6778
36057
49704
1535
15287
39514
47626
9272
27993
44656
18734
40228
48907
20747
8145
21571
23301
31855
48786
28203
8258
26615
23666
21086
4288
41058
30440
25640
47699
23339
23198
30900
7286
3926
49115
13981
22239
45766
43822
19154
36862
46748
17716
23555
14210
12715
46918
46584
47656
9718
30258
38417
21072
3466
995
23848
34078
19272
41232
48931
19738
33914
40671
49829
22821
1751
25476
13380
42329
23970
8218
21413
4011
19853
9372
33811
18479
29963
39648
32303
25768
2434
15776
20529
31131
25919
49095
47565
43230
28100
20885
40705
15475
44493
43407
11803
3899
14112
12086
43591
35401
4562
25218
32565
15828
30742
4842
9321
28695
41472
39731
11996
2617
4328
21843
17312
11237
46474
47408
11521
32037
14554
12266
48087
17456
44005
26514
46408
7149
43555
2102
5402
48594
681
1482
48502
17726
3227
38820
41160
36639
14782
13539
19603
7760
42603
30653
13602
37667
42191
3316
48969
23095
40959
24757
12537
5910
3721
26093
12146
27518
27014
48519
14963
44330
30156
23286
16333
43004
47456
41708
39669
1833
8040
33157
18584
10385
2911
27971
14250
27929
16481
30070
8295
31527
9366
13127
31786
1049
35068
47602
14156
1571
8812
5582
38595
24179
2687
31371
33036
16178
15850
39926
45508
4138
29060
48475
27632
12590
17960
48312
4908
15451
23494
47722
35568
14233
14339
5479
38175
18637
19025
9911
4185
3567
26554
49359
44881
28818
47702
8875
43576
30149
40076
19576
43432
13222
35908
32363
30349
9198
19787
44417
12621
32892
1248
34404
8265
16722
1467
34631
47787
16182
31613
17919
39215
26150
3603
41630
12990
3052
23764
6892
35014
17017
8186
19188
18725
17680
40045
8024
33684
16594
24250
42018
16545
17922
9123
1545
20500
29781
16817
32092
11523
14968
23652
20046
36785
21117
39035
21054
43825
32195
16766
29329
44536
6256
42920
36782
49056
5630
32755
27414
9385
20944
12844
8207
9419
44912
7749
2139
22278
43734
32249
43721
17786
30006
14858
22280
24514
27623
19590
23187
28347
31900
22504
39982
47139
47617
39355
29532
8173
19411
29529
1978
47729
43547
9298
18619
40927
27209
26888
29312
35396
14426
28023
24324
13461
46902
41266
41809
792
24936
30040
41299
14003
22859
18038
31751
24524
17597
48054
47856
21375
46354
25173
2678
49934
41912
8226
39162
30050
48163
26674
46987
30912
23012
14784
3934
12039
35562
16993
15326
7894
19797
966
2512
17643
42595
30956
46993
12693
7946
2157
27534
46347
34609
30377
23984
12725
14459
13967
22914
24712
25296
27652
13680
47744
18553
1207
16686
2741
10824
267
29618
16272
14930
40483
16511
32759
27674
253
10959
32660
49628
11989
32603
24948
25842
34426
20922
635
3510
28637
37909
31364
39717
37013
20163
20934
2524
14544
16774
11251
15458
38260
25072
18442
40146
49604
23219
16876
45571
526
20148
47963
34213
46049
22619
44959
31242
36795
42794
29634
4751
36865
28344
40923
15974
40792
1064
20232
27890
49536
26187
46980
16445
35376
4174
6056
15545
42620
29393
42430
1681
8723
39974
38944
19804
34245
4354
19951
41694
2050
39955
21216
6730
7021
37486
24640
13367
45088
48708
29160
25630
38457
34000
3836
22685
16690
44672
18206
30140
48287
10541
40384
43162
17856
40040
36534
19906
40213
26099
12761
30304
17281
49018
33207
20473
1720
49532
45512
37836
32322
48058
3580
12180
33185
10138
40912
32327
11071
36920
24800
15150
49681
4586
27462
36960
6792
42510
26576
7661
37638
37219
47216
39109
22845
36657
29277
7395
8579
8582
19494
47065
30962
29309
3447
23385
7452
24477
40580
18828
2411
25899
49410
35555
6742
16141
7877
32105
27136
37965
8948
22209
24843
7606
42393
8128
13882
38190
24228
28121
12020
7503
43199
27106
36772
43475
2172
30304
3820
25692
26379
47587
13114
39982
24360
26320
47363
31706
9617
7815
12540
16231
28149
22160
38664
47919
19719
38599
13244
1923
17042
24209
18974
2972
5990
44922
29291
6559
22017
46941
2743
11932
41018
29407
21103
29092
36230
11336
28587
14660
27933
42351
36864
48354
11526
23921
30498
20547
1791
15853
15206
32054
37129
5375
42917
401
18560
22455
40780
13894
44249
4421
800
43937
19700
40068
30160
39617
22784
18928
12579
22816
18798
2277
28416
13409
9789
6293
2316
34053
13908
16374
18829
2746
6319
34070
39933
16929
40369
35659
17563
24954
47224
34379
13852
32686
38029
23909
20943
10345
22890
46427
48237
42242
35095
47741
335
31176
12445
30754
5802
48474
30155
38965
31157
3459
32295
49226
38635
11473
25452
36956
21260
18337
3825
33268
2894
3144
24427
49048
5345
9872
13401
4013
1231
26349
12780
44651
20706
37771
48234
13548
4288
12214
19368
6575
25474
4518
21540
21936
37522
11077
18037
19948
4178
32621
35754
35875
43066
15235
44287
13903
28825
27738
49967
9515
5085
1254
30595
44754
47869
32542
28728
9670
11331
24253
21182
24937
22231
23109
3612
16651
29847
20672
29105
3776
39059
46580
47302
23533
49956
30098
33248
17935
42429
21500
41985
8697
27033
10049
5278
18840
22756
35222
25034
4340
27622
48082
21969
25381
23146
24934
5730
49727
45916
13735
1124
45276
9457
25145
49625
37765
12577
29802
36783
39356
6431
4009
1603
33929
6825
5105
43985
40543
25482
31637
39558
27995
37245
10
43558
1896
669
8987
11658
5377
5607
4461
897
39956
18945
6609
46263
28623
20116
35167
47971
23275
14612
49205
6730
2817
24752
15771
13025
29885
7205
31569
42623
30654
34029
20952
46305
46822
43460
12586
34424
14372
22908
49896
34237
46060
45542
23822
25508
28592
9825
9748
16046
26814
13679
41892
23640
21557
11810
10322
32977
6212
18935
26797
5097
48049
41832
24481
16021
14435
2517
31287
19551
6509
4317
38298
37803
16632
15910
30149
15908
40107
9628
10046
6900
43849
29798
12378
43586
13784
2612
18844
22838
38297
47380
15069
45880
7001
17765
43769
13367
1411
31666
10932
20629
10415
46448
2743
45599
40203
4643
11307
45787
1477
35514
8353
32490
33890
22971
44971
28061
17678
33257
34954
36899
21137
33282
6966
39856
42681
26373
39379
36970
34106
44129
3654
47837
26175
45720
39204
48047
16523
22514
34659
3325
32769
17294
44528
31236
32460
31235
7820
1707
12332
31013
41043
32413
46126
46771
32330
45429
3238
1486
4069
39267
28379
9668
11410
7995
45296
27385
805
5580
13867
31703
1697
30526
25507
42668
13936
36517
14683
41762
40255
36594
41301
30717
49769
33768
19957
9693
12302
37804
32659
29970
30320
33109
36108
21583
29946
19459
44438
13688
27374
44141
9502
44309
4329
450
47872
729
36196
9681
41314
3660
25946
36964
19198
19459
33537
8263
22169
43186
29031
47383
41941
17480
7595
37573
31535
21592
26532
32057
9190
15128
4946
35059
42553
19874
703
16701
23579
41880
46578
13981
7031
34980
24496
44279
18169
5165
21183
36511
12368
29526
32056
21211
42143
31777
15016
30886
1610
41713
20947
41057
30659
11805
7734
5893
20145
28880
44840
7812
13689
35309
47131
2077
20220
33999
7093
29213
33645
48047
48982
99
12573
47343
38597
3052
31157
26163
28363
41613
40623
22287
16588
4287
16706
36795
20045
5781
16760
26900
2150
27529
2909
13948
31414
27172
5158
38481
46829
3948
35628
49595
27931
8215
20052
39327
22402
41230
26956
4945
20618
31550
3555
12406
48353
37879
43285
21623
25260
47975
28771
1329
37951
37425
21531
12266
4485
34071
32857
6510
34141
18583
12778
36215
49937
27072
9752
19675
29204
28630
20903
39135
45047
48635
25354
49306
37255
32462
34899
7284
41111
42432
4886
25933
4438
7984
7400
9786
6365
25753
23353
41530
27735
14321
18395
18630
11229
49234
38286
13079
13437
35862
8362
6898
11846
39819
17160
33694
20611
11494
19742
33718
4722
22867
46229
36090
20783
3899
2568
21216
898
8926
13146
40840
29697
44432
42836
46877
5491
31152
2923
1687
19811
46723
27738
31389
13677
288
30353
34983
43672
30180
32202
30370
21248
28341
3411
31981
33454
19604
39981
36641
33479
13212
9488
6541
33502
30903
39721
20943
34214
21551
49297
2670
17897
3170
40331
11588
10158
14414
12953
10697
27786
49228
19931
15067
13222
31194
6758
33290
35064
18208
46621
25615
35009
25780
7935
11693
24194
26297
43980
16176
7852
22482
21557
2817
49811
16101
33087
3355
46797
34954
49252
20248
28925
29059
150
16005
12423
17621
26225
29141
33567
2420
23148
14289
33075
15037
49579
44332
5249
44956
24516
14340
41222
44062
24747
25620
29973
2961
17837
6999
48288
3960
10037
21128
10165
21819
5119
46389
42712
33787
951
47793
44457
3330
4461
36168
4642
1513
6951
43181
43952
28323
32466
48495
10795
40935
30567
4443
6067
45867
32342
36827
12585
43707
18754
24876
1703
28185
42249
38653
23373
49039
29325
2387
48713
41456
13124
39562
5154
20636
8665
25685
24273
35282
34092
21766
22573
41471
47261
5482
25857
21829
38784
18284
30300
23928
44605
20057
27653
3858
7848
32291
14361
35605
28680
41039
10227
13488
46534
25274
38198
13531
10963
40440
4746
29197
1846
3452
39025
9645
45457
38564
31556
18917
7711
15180
3935
48114
14428
4067
1205
32728
20224
15595
1249
32691
7386
7577
22507
40616
35878
33420
36179
10633
40714
47482
31950
23608
43827
19158
2154
32339
20150
35982
21679
30173
17653
48977
27011
718
13137
31950
2906
45968
2646
46791
1945
24218
38344
3796
17685
40666
8968
13332
13309
45227
2611
5679
8993
12055
41431
17319
32909
6629
20274
1868
45174
13347
3737
1934
12111
46127
5777
42285
48376
45215
36606
4253
15940
5697
11222
13302
2918
29116
24865
11767
45960
6021
23216
19738
20551
34542
5254
10563
8494
18856
49943
13250
47629
10138
40188
26776
11509
22186
33680
30902
33491
35191
16827
18928
27095
10953
37976
29697
42737
42976
9540
5832
12759
5178
8278
46208
12900
45425
10261
47246
33312
23664
21883
8003
10440
34085
40084
39281
22250
49954
27506
2603
4528
28670
21857
5028
49894
44345
35234
43530
2441
9900
16166
8939
4494
3630
7961
40853
12269
40900
12728
5932
37816
32128
29696
40836
47723
34330
36165
37519
30994
8140
47227
39904
24961
43574
26661
2814
43700
43906
44552
48996
3796
42995
18202
19589
34963
31719
8860
49613
32772
13067
47394
35458
20042
15261
25147
27113
27003
27068
47121
16582
28832
22827
6287
45067
29804
22421
7834
20577
6966
11611
11293
12229
26357
26137
45349
7641
1496
1702
14757
8235
7263
33722
8279
38067
34233
32954
28752
20118
30347
35582
41311
12792
48585
2692
4466
20206
45780
29438
10004
38721
22144
42806
35975
9343
19217
13361
16762
14491
26305
1137
42519
15365
37633
1205
21340
28004
2970
31131
46323
45343
9406
17158
19584
9771
4768
8698
43975
34223
32685
48004
6744
31283
27717
41943
36120
7831
42026
32273
781
20608
38708
42588
39445
35373
38158
26720
6452
34119
10033
46102
2472
14439
8890
45735
11898
22082
40635
1986
24388
29695
36811
45085
17945
14010
10122
1955
8566
417
1030
1532
8403
44266
31555
43258
43749
5463
29114
23023
46643
13474
35009
41580
30067
31731
37715
33333
26689
9921
9643
10832
17963
49301
21218
49500
10076
28122
22787
734
40643
35088
48023
20598
26783
26832
43139
46496
39433
38873
42618
31638
41934
38825
1343
4804
7464
31335
9531
6276
45784
35853
14951
22023
23809
2196
5239
13540
33716
32391
41411
16923
3572
12057
21491
39907
20133
28163
33431
23217
1478
581
26848
47722
9736
49934
30590
10847
6410
4951
27159
36535
41267
20825
33329
28731
21627
33567
44348
6667
43030
49142
12719
9038
43789
9600
36205
17766
20650
29640
32020
46962
18129
45473
44258
6413
34326
44183
30244
25908
1247
10262
38284
14356
20583
41289
14398
18210
507
32267
9527
8900
38052
34922
4859
30252
7426
14249
15002
27813
38722
44484
31325
48870
39964
10767
6531
47652
11931
30055
2227
46085
37833
22842
19645
20334
41703
27490
12401
30445
41094
29036
17675
35347
4325
3207
37754
26633
11783
40552
19020
1299
11280
35690
18808
31826
412
5491
32455
23300
44892
39106
18607
44310
32958
31237
46958
9849
7479
31783
27887
27714
20912
29029
47052
10428
42634
41906
29569
15384
2784
8960
35528
1700
19432
10447
20807
45338
19653
21523
43490
36495
620
48925
2573
49004
33472
11100
28867
29657
49244
20140
32876
46725
21165
18588
22014
25123
28810
13709
22179
36798
21056
48823
31507
37932
28830
2982
36318
4177
26186
40721
488
22379
447
47275
8385
33706
36724
27090
41088
29538
18521
47205
36748
31785
45072
41843
28998
41083
29974
1246
42886
14190
26013
35599
16704
40703
31079
1187
13218
35051
27201
46338
42574
42810
39626
10064
39295
3845
21662
43693
41881
37864
38115
4535
21154
563
15663
34271
39222
46954
2740
18729
25004
38493
42074
43436
19619
10178
27063
45322
33607
31501
381
32410
19062
39745
40048
17665
17274
29073
44066
287
22307
1408
26717
37925
48354
5334
38877
40548
43460
44259
12327
20288
32937
46366
11946
29140
39312
28663
40241
37792
7953
6011
48977
31885
6246
38149
13989
2352
22471
20849
22324
44189
3217
22716
48300
499
4930
11415
11533
8533
42579
17258
34564
5625
46130
21078
10418
14201
31211
28259
10233
23111
42819
48456
45619
11918
32625
3784
47998
3283
17177
40185
20984
27002
18919
8897
38803
14197
35268
4729
25428
15672
21223
16963
12462
39639
13851
37848
42247
17408
14969
3402
47187
47190
36578
16360
37493
35074
23595
19728
9439
31518
39526
34286
44033
26236
42857
18915
2886
44064
28669
32913
5607
24351
6196
13715
12026
3023
36152
47369
37035
15389
31724
32144
48197
20446
48706
47840
26748
23229
22825
18704
43306
45411
48991
516
23125
32117
21979
25126
8106
1063
44336
41907
38152
33199
41631
43788
48987
6836
47420
39324
13747
40212
28138
7738
28272
42005
44230
4468
44028
3731
12957
14011
25350
4296
27163
18574
16470
21306
18529
3199
30914
9583
7282
47025
19580
7339
3578
45635
14773
39930
10700
40310
20195
2089
36054
28010
26890
45966
48243
24247
45337
39080
47597
5463
36276
10512
8300
37041
38218
35119
7696
36272
32786
47802
10359
31282
12103
25657
7483
3676
24349
41989
15547
46475
46878
35615
13524
30581
14630
40509
40972
34382
24055
27231
1803
33911
45098
35392
3527
13664
43779
8168
1866
2222
24655
22878
33426
29128
18605
18651
27093
48075
12342
30490
1118
37726
46618
2875
47816
15743
39849
2726
45622
24156
22378
47053
47389
42542
43435
30763
35631
28256
34006
16920
47093
34909
24989
38174
23368
38391
31730
7894
6252
31252
18341
19627
17385
9363
12186
1841
37079
1661
26390
19118
8661
47734
30870
43590
46726
5954
42732
7109
17497
48388
12487
49749
46164
23250
38878
40591
21117
15749
34442
4318
11060
8492
35885
41279
27935
4463
45266
49876
1283
17233
45921
28040
36397
48703
959
42126
6891
30454
19600
82
26681
49457
10747
7584
3883
16975
34553
27235
17764
1331
28472
24454
45985
29877
35218
25223
34549
28150
29637
8074
34402
23505
24015
41465
44129
1964
45544
49224
2318
38494
25964
838
37139
39434
20339
15376
47070
18330
21711
19616
23090
27815
9522
47268
24808
35380
681
15993
26063
47211
31224
9621
41527
44751
18963
22467
9702
26417
20791
3641
21316
9870
12739
8374
48986
21636
22726
10376
19602
16933
10934
43402
14122
5813
21290
39882
7403
43038
39029
47096
897
37011
36960
48186
31686
7041
2578
37308
6927
13104
44142
45029
274
22457
1961
31221
41762
42995
43335
8523
18521
39510
6674
8403
31650
47520
27333
41197
38528
11349
3339
36456
10094
49281
17679
20332
9123
38361
31967
16072
42465
42400
12706
46976
49019
16069
23395
26552
9377
15882
21642
48606
36009
47503
35093
47905
17452
30189
22440
29808
20682
8287
40670
22878
11450
25322
30778
27009
8642
44461
3167
37897
22576
1235
4088
22558
28339
6789
46757
20402
17609
9085
20850
47221
11605
29430
19014
5383
37852
49743
31957
34409
24509
19934
18834
21836
24971
12785
49733
48251
10232
42479
47637
21941
26159
20189
31362
41394
3246
39837
33137
17191
27887
10449
20885
48804
22049
25709
38646
47866
48935
45979
34289
11194
11261
35864
43276
24185
16707
29755
11364
38591
46808
5829
45205
30351
37539
44275
12261
2865
32048
10209
10973
6715
42678
25962
16389
17278
16913
16474
40379
9389
26065
19796
34864
29160
14814
5903
5887
30534
2166
33355
43739
34049
26773
17810
10692
8731
35536
8169
25205
37183
46574
22789
39453
27730
49859
18747
31687
43849
5370
38080
12169
29332
37902
4719
17046
8887
49269
22697
4752
27609
39738
14582
29117
44293
48757
35529
31573
19438
46057
46082
13190
29920
20090
19293
31059
43473
40586
16264
26288
43575
6990
49074
9810
19907
37553
11263
8039
16378
10693
43896
30418
17573
18529
17791
11056
40030
46571
27024
29324
15195
30851
19603
26411
41687
7194
43741
42374
42011
42494
40119
49106
33500
39219
41222
47933
28526
44447
30313
24566
27687
38098
39202
5801
23918
28671
3707
39383
41921
11884
22458
5454
39190
6130
48415
9914
329
23281
43002
26839
49477
39924
39609
48642
2398
47804
48095
27403
45674
43339
4625
15305
33184
32080
9737
27210
13848
28874
17901
6501
4722
46170
3931
43919
13603
33833
10875
47270
20971
14227
5862
20252
16241
31487
12356
32820
44767
43085
17905
7330
7658
42283
13113
31202
44378
22003
34163
6169
49112
14676
3738
41695
20245
39435
7478
14577
21911
39933
43690
34818
49518
9988
2582
21865
33269
3589
30556
19371
34564
31130
32016
49014
46755
15024
5032
30919
24025
18831
36179
16136
22513
32065
38086
43930
49198
30097
31921
330
14213
39970
47937
43699
34969
24073
30270
26449
5061
24936
19716
1293
16017
12359
37695
5434
17047
34129
12336
43082
37024
33801
12413
37197
17208
24503
11492
40888
2656
6114
27199
42590
37154
7979
42291
44206
23278
35044
9682
32792
35475
11724
9377
36493
14986
13385
45732
30802
1308
38528
12886
30960
5428
36515
12516
5644
6399
28135
12889
35566
38896
6449
21316
25840
6048
19005
40837
37109
47330
30251
19607
22339
22037
7207
4550
35214
18355
16210
4866
2947
11814
25442
41021
32189
2473
26051
17070
31656
8524
46648
10648
45456
26210
10947
28660
30532
661
18652
27146
13661
38473
30641
49967
46021
43934
2058
28200
38950
24911
22536
43917
48464
5847
44970
27897
918
35315
39596
48510
17157
12707
10780
4517
49410
10
16090
45043
26959
2244
811
19287
4330
2391
13338
42511
48530
8498
20076
17147
31719
13315
15422
8025
16237
7717
16221
25679
6764
28422
27874
47160
27304
47126
33832
39317
4136
26171
107
40469
18276
6114
43247
14751
7152
46416
14362
1164
783
27862
42783
6306
23654
46963
4168
27050
34543
33827
14351
10547
19846
35925
17161
30288
13092
32123
31712
6812
7685
37594
1947
8750
9096
22657
18652
26311
5763
24951
10870
39016
17936
34909
33016
18241
16951
48770
2090
28084
169
5077
47380
1320
37207
17205
35254
15322
36653
11749
28279
10285
12447
26059
28909
28370
6878
7655
33685
16035
31510
34449
3664
43097
6663
28459
47419
19981
47902
28262
36569
251
37600
45024
32847
45267
44371
6842
28747
11626
46728
32632
2274
49997
36072
11074
27205
11957
47946
29144
37823
17398
783
41906
41806
13201
26923
10581
48859
5274
23871
43041
42935
31603
18199
1847
18964
45623
34653
632
40494
7252
41417
5065
6964
4047
6502
28483
27399
22667
24545
28054
30318
40148
29120
32094
33970
32966
1213
1245
40461
10459
38238
16344
20506
2081
3235
17710
3721
44665
14539
36915
29314
9788
48402
11403
31379
30120
2091
45121
38311
41752
17334
1879
37909
30562
18655
4664
962
14058
22915
28761
48612
22132
12991
20735
27173
49511
14199
10298
12944
14844
463
22894
33531
30294
23274
41970
47776
30875
28668
46065
34986
2096
14462
15758
37817
47156
8814
4453
14034
23555
43888
31197
13125
32890
19286
49641
604
20602
40487
33501
30094
19941
16126
42750
44061
5926
33554
18530
37186
5629
40750
45095
8642
25768
36076
112
2429
9085
14818
36249
25300
19027
43849
49931
23540
42641
26598
23275
34355
15102
26264
46509
16774
19816
15805
45335
4972
32000
13664
40544
32939
32034
47795
35991
26101
27538
9876
11231
40214
41762
13088
31944
1261
48576
47249
34201
31765
39756
28901
33337
30591
14007
11037
35006
34029
9640
10078
41645
2525
32744
31687
18991
25920
17693
1104
692
23206
35939
37643
44769
24680
30694
32682
13781
30178
41277
23821
38714
9915
42256
33077
36567
41362
17290
33066
3346
22599
38265
48374
22131
21939
24194
972
3107
6052
16370
47512
39107
3001
16768
45509
45834
18615
37006
40821
30118
49846
30813
13664
30371
843
38016
39772
38025
21090
17561
37428
2495
48423
42832
2985
11774
21569
16722
34354
40913
11724
13190
46433
9560
35202
30475
25204
21036
38262
5773
19972
37277
33820
3174
25310
38999
30216
35953
6604
24162
14770
29481
9487
30825
9938
47105
14618
46882
7517
8765
40382
892
35580
21597
21934
38055
28662
39177
41758
15389
42650
4280
5373
36623
28859
9291
40092
19082
13175
30694
42
34680
43862
24287
17741
18786
9676
25103
1999
7891
46714
5717
49587
28408
37304
4970
9922
5476
22423
34975
49463
4672
278
14722
14115
6783
2692
35392
21245
19024
37004
43636
30586
49581
8722
21949
47493
20096
2120
44814
32059
36469
24781
43551
15461
27738
12771
40817
7667
38194
29643
47759
7938
6425
29071
28848
33721
7443
9372
22888
31206
45998
22026
14910
28496
17845
23306
16441
41992
5030
8699
28147
42545
13339
46136
4896
42649
48020
35602
38551
35715
41078
19285
8927
5523
21821
11801
46101
1349
14765
15896
27737
810
21974
44054
36201
944
16710
33714
47941
36300
41048
8088
40962
4151
34874
46177
9962
9026
26588
23320
41040
18504
18500
35273
46465
33711
26975
23144
36278
14489
43794
9914
46630
28701
18991
48580
33529
14301
33378
16175
3431
31333
27419
42709
49342
3295
48518
41931
12514
31349
1622
42266
42319
26420
39632
49643
16763
35257
48915
26543
44054
42987
48710
4264
33603
43332
35594
29352
41824
5965
15710
12644
16113
26965
17170
36068
4060
14430
23459
47610
37981
23845
35956
3468
18953
37500
4318
6927
495
2389
22750
35538
5194
23501
31132
40821
48884
15298
49693
13157
30421
4963
25214
43013
45113
12627
41153
39817
10463
8409
12836
44994
45789
34966
6444
14561
18753
9636
5121
16058
38067
16936
16195
12199
5574
25412
25338
21989
30861
48620
17307
42639
2090
36818
40774
39526
225
1536
38620
44490
42908
36850
49310
18711
48312
8845
7297
37134
7484
8896
8190
36335
28185
39605
1654
46368
1885
29988
7874
7869
19474
4117
12184
860
26644
29647
37641
42395
16127
34066
21672
36296
9078
49742
17701
29053
36736
44094
49799
20247
39277
9988
46649
8081
46807
41185
48491
19186
564
13697
16793
26591
839
20913
7544
14702
33622
25583
43261
46552
20694
47709
46216
14778
28034
38096
10045
32393
17323
40827
10595
20191
6105
39315
29029
13846
32992
17487
9079
33904
1230
29375
27987
15745
36000
16261
23536
17321
2116
28020
39428
30674
3721
13332
34096
42994
24499
30910
6778
41021
16219
13274
10936
31019
7187
7475
14008
48753
44183
27028
26925
15567
45519
41538
44915
10613
30097
5509
43859
40387
12515
33123
40338
2747
28814
19803
18085
8565
17694
13403
8575
13295
47494
41551
8970
15775
32048
31511
17476
4103
8274
30691
40465
22323
47724
42253
40718
46209
126
12019
31750
47118
29031
17280
16029
27913
45672
27734
38985
31719
45591
49563
10673
15906
17023
37133
7582
2270
12564
34034
15790
29306
32516
38720
21511
13967
15417
39398
15608
22472
33115
49125
667
13358
42259
41519
27239
21903
12843
20650
46419
539
1009
28801
44196
15514
5001
33032
7031
44029
24194
26441
16890
21536
41921
6864
28548
48472
17289
5343
24885
36095
44781
10271
17992
49449
28060
11876
1894
10401
20875
7035
20900
24294
17600
31378
26316
45340
33370
34837
25977
26592
37022
24657
43947
46539
22621
9030
28331
32914
8273
34510
3993
22680
44006
44708
45185
945
13637
3890
27723
22244
24987
38044
15954
10187
34025
17939
43772
32874
14693
48343
32712
11002
1517
46140
4183
15153
45659
24503
30448
4272
35524
44997
29607
31881
13211
11512
43656
26618
45475
15071
32733
29354
29089
27985
35984
23599
28144
21462
47114
1610
16766
18994
9241
3472
15859
38479
18320
12997
46689
17078
25720
30983
16151
19897
13300
13812
47376
32672
1699
37065
14473
10414
15455
23353
45664
35743
20658
25526
41976
14272
27352
1183
42328
11435
44751
25749
27043
9374
37099
34923
18802
16183
20262
11659
32286
9982
48532
41279
7066
9087
11717
44242
49292
30482
16820
19716
7004
34505
46812
8915
29509
26517
17803
29773
9097
37349
45582
975
18274
781
18427
36168
10322
35199
21502
9967
46955
11608
20091
21261
46459
37529
49330
37961
31360
28080
20753
15903
35017
46211
35923
11260
27980
6057
31174
17624
11252
38821
6347
19168
7171
34576
39702
41086
3029
27297
4452
21272
35413
37755
19693
12338
7272
20387
3727
6961
48215
12765
47322
45278
14267
7698
47338
42434
16465
47120
5487
15396
30301
1742
31192
19148
1338
33194
21710
2243
46287
30369
16413
40841
21854
45099
40381
31379
34854
11904
44479
37887
17576
28667
27442
49461
21702
5337
9782
23388
35367
44014
32408
245
11048
11221
16219
35624
30157
46385
39592
47898
4308
28404
38972
31112
49834
26235
8848
46978
30295
6261
19478
38711
46901
3679
16367
48360
43262
8669
38617
23724
39443
12662
12662
33904
4233
2445
17576
8936
49341
3879
8904
31735
7432
38430
9509
41463
5246
21457
49386
31349
5537
30389
10409
12076
18402
17485
23315
44044
30823
3345
8681
25543
30904
38142
28445
34712
6980
34362
9633
29152
40913
37698
27921
38286
3968
13906
941
8810
8526
44736
49278
49903
8134
10389
34746
32019
22132
6361
32723
21348
46022
42250
44633
36176
7819
5448
7376
8257
37213
46241
32620
26467
34042
49556
26809
21411
45918
22740
5303
11654
8477
13851
24066
38212
32668
41736
1519
38847
33695
3174
36915
36099
46301
43099
2414
11772
26239
40858
4404
39135
21288
17861
29388
27718
38607
32498
23026
17659
25271
40809
32183
36703
28031
29319
17896
3144
19109
36866
1964
3749
4502
15098
29574
29952
35825
24344
48091
45183
44921
2870
9837
37542
1129
47178
3398
43788
31378
33856
19137
8088
14303
22932
24513
19081
47162
39225
20101
46911
37831
39128
34755
46153
15838
36520
12530
15532
14278
17430
49828
31996
1069
17393
38847
19946
19044
12437
1373
38538
25047
24323
37673
4032
1722
36521
3674
24983
17599
1907
49565
42333
8741
15997
33434
19871
28170
31427
41321
9276
22288
36536
46173
18168
49486
10623
16286
25408
5693
38234
33525
13220
38003
10236
48400
1446
20253
39981
3973
25214
35780
37386
22611
35735
29074
2310
11108
106
41439
36529
6095
13509
31908
7378
26523
22967
17344
38052
43917
30442
31272
12379
49266
5118
11401
15506
18168
5422
34522
26611
15366
14001
42877
7458
38685
34704
30596
21814
40998
25727
21664
16548
16698
30793
37492
2553
44513
48236
8840
29412
26482
18718
39722
3887
19673
34379
30766
24040
34934
40588
3094
42192
33794
47622
3181
36415
15901
37948
45454
43329
6147
25105
34754
22017
19309
29422
23397
20529
36035
8252
35210
7731
47471
32943
48981
18231
10028
1552
25702
10994
37070
18149
19990
19959
19756
14782
42281
8548
11688
16367
39811
13340
13903
45333
15816
17484
22939
21991
31132
35645
6661
32379
34889
46341
7512
46049
33326
17257
20754
44944
25076
15347
18724
18683
28460
24796
14504
25872
45348
23575
8705
21757
17769
25082
16990
543
45671
45865
36409
12408
37915
45537
42876
37372
16201
31757
41395
49161
20809
14729
40428
17872
8557
1297
5883
47940
47902
44692
30826
17614
755
47083
36798
29434
27651
28528
48405
4418
26386
28620
715
7877
35640
20385
5291
20596
21007
11681
14994
10745
24667
47209
14368
11268
8900
29214
42136
29459
40318
26002
35095
42941
33674
659
11169
39307
5877
46993
11014
8291
34142
18425
15524
46483
18405
48642
12966
11255
49247
37235
20970
15127
5238
24368
42593
10639
31661
30831
10543
31820
5330
23275
37554
25328
23372
47045
4703
15587
23203
31809
168
37894
20174
24148
8233
7044
22344
20120
28898
2280
34316
36553
32351
7717
32208
37311
26051
45558
9310
11289
18980
1907
15676
10178
39279
33884
24013
31315
2860
46581
2193
22677
46412
2046
21751
49953
1871
38350
40371
4613
35666
29548
12987
48949
43253
5145
11003
28108
43179
29165
1688
21758
49578
92
48562
18508
39267
3717
34562
35330
30139
29607
35171
33504
7576
36481
38525
45075
19895
31348
40172
35184
43066
46214
47103
27868
48303
7382
11404
37467
25659
4663
18305
42579
42711
4956
22902
8428
46304
13534
41375
20918
2514
43277
8941
23799
30959
47584
17971
14896
44568
13546
21573
17786
22382
25196
24413
642
40963
12193
40184
26175
28042
44409
18733
2380
43181
24645
16062
49494
34620
22044
43543
1731
8035
41129
29043
46493
421
46946
40797
41738
10325
38260
12692
49337
4403
12432
40104
29723
37971
29692
18785
42940
49385
13543
18480
26893
47312
6701
2844
12783
39851
11587
48094
38429
42339
2768
777
48614
750
49337
30848
20742
33425
44183
37228
43889
5020
18982
11253
35451
4452
48284
36797
17878
14174
46900
22972
4569
30486
39111
25862
45818
13247
28935
777
46184
39621
39047
27059
47447
49631
27849
33216
34392
28497
41557
4176
31701
47277
1331
39271
15574
17721
20838
11407
49571
22556
8709
16072
16486
40033
36311
1679
5771
48910
25771
18460
39976
12287
3809
27509
43187
35259
17064
49552
29540
41225
20564
20582
2905
9115
12283
2435
44544
38359
14813
5354
36004
25255
34750
44934
16694
20471
45346
11163
39927
21148
18355
23466
28688
46755
42386
44499
40735
16839
7016
22405
46606
23596
20903
6577
6769
22281
6418
46413
36860
16211
1813
34516
16383
3347
18930
42106
42271
20442
20618
41965
12786
44859
29573
32360
12406
29014
33134
34897
25278
30725
16957
15122
35866
19632
4402
36293
43666
26811
731
7704
40192
36351
11090
17632
3991
20821
4342
26681
24755
47406
7173
12379
27598
11457
30979
9241
42972
7148
29241
47827
45125
45931
28156
19708
9564
28263
39769
13766
48176
25733
21595
488
25246
36463
37880
13777
49105
49296
32254
9975
13992
4985
3253
33800
26306
46865
2769
25378
24232
36441
10871
40958
49270
22445
29193
44838
46520
47766
24016
40119
13950
48172
25141
17202
20827
10409
48396
5757
10256
15529
29229
13911
5248
46285
34224
19976
3087
48831
26453
2534
24588
42272
5821
14564
33160
20797
35704
17365
1746
25328
48732
33982
8768
29027
35726
47242
32124
4271
9777
1111
2712
36482
3128
42989
42256
38815
38473
2159
29963
27136
46385
24266
11005
15590
18622
16826
20940
14449
25452
43852
49373
39115
37615
43182
34187
10574
43354
21971
18643
42934
31162
45395
23550
48257
42643
18958
25420
33747
49268
40097
27769
21223
44825
34689
48159
11711
45453
34196
41449
15996
11370
37488
13294
38297
10623
40491
4306
31714
32701
29745
39029
3858
10541
40500
38534
49626
11249
38254
13240
43933
20358
22578
49182
24504
38691
37920
49846
46159
14800
37591
4208
29154
16406
5028
18538
47343
19375
47129
41145
36305
6634
6298
39174
38679
30141
5120
10050
10495
8215
4720
10663
42624
13873
31110
40765
35143
20640
49450
12838
27481
46619
10821
21047
11736
33507
31821
10227
9089
28355
6668
35365
35506
42277
47023
6266
19048
23951
23898
37800
44038
43208
20633
35247
39186
17515
42209
34363
27033
24695
18324
3939
21699
4544
4036
11377
28865
5654
27807
42334
13139
30895
16568
39001
42022
38740
42742
1668
3258
23653
6022
6892
8210
27018
4892
2947
25509
4855
10119
18459
34673
34298
32066
12193
37375
32020
3046
36739
3665
7378
37949
38735
11160
29192
48481
12858
20947
32921
20067
24202
42513
45877
32504
49633
9303
25871
32094
7126
14829
10457
21788
1457
23651
47614
43351
37939
38546
15116
3537
33472
6301
45389
28107
35690
48325
49104
22411
32955
17227
5097
41721
35903
37857
26097
46548
30139
12874
32811
34306
20974
304
46229
14036
9650
6788
19863
44839
46079
49343
31147
3991
42893
26023
47160
5470
403
2718
18045
3290
38113
28645
38119
42285
36422
41469
6431
15310
10879
24942
17139
41965
22061
43408
34479
32163
41569
30471
46536
18583
6183
18236
22101
38094
40541
29685
31210
30778
27230
21703
45890
38835
37535
41906
32744
6595
31668
23083
39266
34746
40144
49751
42795
17346
9496
11026
30316
15213
6083
23952
40006
14411
32353
23019
3870
5720
10100
35963
33573
11330
30095
32611
1683
13208
38457
12360
23744
20045
1086
45229
13023
6796
38755
31321
47511
12694
9571
45194
27102
22679
2411
34243
12420
19238
24383
37313
17578
27995
19223
10635
16910
38619
28905
18632
25124
46686
38516
40474
38626
41426
10118
41032
39976
7768
8635
23449
9146
21868
24002
30588
22331
23395
32942
41269
19288
41837
42326
18626
33070
19177
5433
45819
35816
42280
29346
776
2090
27481
3587
11116
6195
49540
21313
32591
802
47298
6972
26202
2665
19225
49369
26427
27238
7638
23374
25913
44883
1107
49658
27105
11788
31672
31230
40126
169
301
15852
3288
9527
4030
7514
41235
7719
29655
48723
33672
37666
3103
24955
48977
12535
14033
39148
15309
23315
26820
11202
15491
28220
32637
22543
13972
4522
15979
47387
14665
27378
2032
37020
23243
21553
44975
12030
11410
26993
30912
47424
28517
32955
42529
47499
28416
22249
4695
21535
16452
47158
26514
7867
36840
49077
48766
28649
42525
24891
40245
27332
47263
12810
18386
21495
35479
3162
7729
4787
21213
11254
979
43500
33083
4801
21789
4977
34525
4547
16751
25270
47637
34788
3298
42783
9402
39187
14107
3820
10593
8643
39228
27020
24292
18979
4730
18991
33470
47848
42969
28524
27497
47338
20595
33739
34286
23784
41175
2160
32587
41592
41630
44900
16963
49023
40474
1154
46880
1593
11991
17483
21907
15046
23795
46711
28012
49266
12842
6393
23781
20127
6761
20237
7432
13152
1844
9440
44369
9940
24180
22812
37055
10317
6344
14047
33428
28909
1244
44599
18059
5165
23543
15788
44457
45849
36190
36473
26108
45130
3798
16153
39168
10209
25927
37706
4480
30877
19963
48993
31402
34602
3542
14330
31931
16902
14064
35401
30026
24081
48877
20866
12433
21872
14030
39953
31285
10110
32193
20887
28502
29472
18051
15299
36066
5219
37381
34392
14517
27237
37804
1856
17723
5372
33090
27901
37845
29127
29163
17783
2842
20367
9874
26472
533
39225
1025
20464
32044
19179
10928
16533
11777
41736
45476
41338
15457
10922
13417
49675
24073
29147
3146
24018
37225
36752
20973
40602
28321
22323
19612
3582
30903
27371
44925
42076
15403
13578
11604
31067
46866
45779
17790
34086
48286
20101
38158
18644
42575
38105
29205
17589
19554
15492
34890
6748
7751
2953
6921
308
39905
10622
40072
19600
14855
29305
15716
1602
46087
34136
20410
17671
39226
47834
16097
9678
32755
8124
5845
915
20817
39476
14351
40909
49507
6163
48447
3984
49755
47435
9020
17007
33387
36142
26114
3826
24380
31454
23978
3279
34014
9590
11351
37048
25722
21812
11724
1682
15459
7521
20492
44125
18266
27567
48553
15476
8817
22638
6494
4915
35479
2618
40
45168
754
32773
27247
18184
18219
46924
30978
19831
31395
985
38400
21378
21060
3509
31059
33109
47346
7287
36183
3652
31120
10446
23081
3536
6766
33927
22442
21545
46976
36443
2339
12506
3115
45079
32834
23685
39288
2937
31026
588
32651
23445
22601
18009
47389
48354
36538
3211
49988
24371
1787
12846
29605
25733
46354
23669
43504
46082
7512
21446
22202
42752
11375
38866
38952
18970
41536
41567
30503
19160
24589
6404
45832
14253
34661
6945
30600
29277
9957
22681
32062
20681
40876
4013
12814
22297
871
9846
35787
22356
36875
24558
4281
21103
38738
36091
11583
37728
1628
8585
27595
49917
43542
35539
24496
2502
47400
39774
9083
26684
41609
21826
11475
48940
38845
42598
8607
45916
8718
15079
32881
14209
9400
46116
12496
38763
2030
13417
25059
23213
14971
35590
5337
39645
42387
1532
22278
42260
3656
44691
49576
19634
36248
15051
18616
23937
47299
36493
17019
1556
14762
37020
16344
24861
42819
5518
2932
29304
46841
48449
12921
18903
26320
9324
757
37498
43479
49219
37791
35674
8758
134
40884
21011
42183
19127
37951
7212
47521
26774
33336
36900
13967
39099
40899
15451
12495
42942
14361
7034
2998
46358
12692
39040
46416
17613
6115
42506
13638
23677
21534
32173
18344
6265
8211
47555
46250
48842
15342
16192
12028
2629
28184
3440
28160
24421
25542
11040
10208
39338
22963
36261
21016
46429
5928
28556
22991
31310
21575
27055
10179
29197
1111
17601
17090
46146
43721
14695
27445
29961
36409
30418
9799
31357
43776
7069
25971
7104
214
15567
11947
11460
13109
28974
41893
3305
38601
11121
12848
7748
46820
2559
28452
20120
21294
33225
30200
23683
22185
34481
7261
5912
2370
21270
11479
11620
30819
32445
28699
20015
21878
43949
48420
5553
26164
20311
33568
13695
37852
12417
22935
6593
30479
35469
15964
36417
35095
47258
38396
26801
47320
5623
25972
30969
12479
47967
18127
28236
30503
41462
23820
759
45226
13134
2814
20805
6165
16790
24253
1426
28260
18720
46826
7098
23900
36285
20719
19244
26039
24488
42965
1984
20634
38380
223
5282
10275
7890
41828
42811
34574
15611
29834
49611
12791
14758
43981
14149
41753
7854
19728
14310
27189
32723
39370
36803
45567
31620
43569
3006
15090
32070
2533
33908
38131
38852
5618
45447
2786
36819
26201
36851
24141
17728
37929
15695
33328
49592
20519
14706
5943
34771
35740
28416
37764
44526
21357
37167
15275
10196
20054
6570
47834
10729
36256
21985
43174
46371
39666
17051
8017
15381
18771
28137
88
16825
22285
20520
28665
9945
5677
22419
39297
3673
13431
18867
41987
16229
35863
38772
15301
2851
25442
53
18213
13877
30507
12939
9097
43805
28913
33586
29155
23533
34182
32978
10451
31354
39770
10698
37062
38316
4117
34555
125
41477
48916
14147
34888
17227
37435
43573
21329
18228
25609
37106
38854
27549
13849
44758
25134
6503
30901
32737
6124
1246
17381
6432
20353
35559
34756
48023
33148
3190
27731
23501
44057
40487
38949
48119
21221
15678
12005
10371
11531
17471
28181
12417
12982
17279
30325
30346
40499
30304
22811
7377
24525
14948
28424
45255
36149
16975
44149
6254
32843
29530
34463
30949
19195
49972
6877
30930
22166
16131
26330
39391
46396
49848
371
491
27171
37345
4318
35456
26663
15432
37364
2804
39518
30984
47694
23929
42871
26255
34504
20736
49934
43087
14180
48955
19886
30767
46973
30351
27348
16623
43414
49976
2395
47401
43503
29030
30538
34530
7891
39846
2214
12431
42673
25003
40885
7493
41765
42171
44000
38537
46803
1990
48708
12742
12511
11777
7014
3676
20363
4529
2096
28901
3630
27363
10253
35124
10110
5817
9052
15335
21226
38350
49124
36331
37990
12602
11093
36494
15571
28945
42086
22287
22330
20805
20145
44769
49637
39452
19687
1311
15995
14205
28113
9514
32966
1860
17284
47678
39075
41749
33472
37043
31973
5917
20838
30606
26886
24643
38563
34055
35275
15838
10013
39974
34642
18816
22552
18503
33035
16448
5750
22876
36496
10870
9657
29618
14770
21919
11366
5627
27490
16864
48440
44298
37097
5719
24926
8174
11253
3388
10258
44166
16160
22727
11095
48994
29278
2428
16462
30986
14099
29153
11845
11288
15966
44256
28877
256
40246
2311
27958
27456
13616
16541
31401
42834
30618
42415
44066
14558
24631
9112
2311
3580
26535
24992
36666
28472
39827
41355
9431
6302
17938
4018
1898
23381
25994
26255
49008
10344
43990
10305
13768
7551
39808
16208
49623
7836
20972
3338
45652
41537
22785
18732
9558
4751
35013
8572
22152
42938
10531
2931
33382
1960
44764
38184
14072
3272
46311
33352
14824
2831
18278
12481
8064
14557
10199
30573
20677
29471
22643
14013
15274
29325
28071
31019
8643
2435
34492
42113
19015
44461
47141
8327
49152
13596
8916
14407
16275
2581
41914
17373
37430
44377
14282
39419
28739
20159
28344
47833
19144
8444
42819
46057
26935
3813
16587
2937
25441
34732
46001
23425
25994
29894
20523
41836
33577
28621
34080
6579
15551
33681
38470
32741
39841
1449
1909
31155
26963
2007
11383
46647
36771
38730
22191
42261
3487
3293
23588
23386
3349
22396
15592
21969
41621
6695
1353
12885
23652
9007
35187
37792
34256
20750
17711
12289
5131
46419
19405
30380
14838
5066
37945
43372
8043
23978
7261
41204
31111
2824
9907
1715
7650
47994
6501
46597
11580
7270
30275
40294
47958
8551
40160
45345
4586
20337
31242
37575
36313
30764
48868
9243
43391
49117
