5277
13962
15451
18114
24156
30800
36598
43487
49830
53875
62915
67752
77722
83620
85282
86364
95556
104313
104945
109416
117721
125545
126937
133187
134649
139711
140997
141388
146223
155724
164246
173767
174719
180554
182631
185327
189080
198650
204970
214009
216478
221592
227366
236046
239506
249339
257297
262720
270474
273675
273915
280907
287795
295849
302233
310958
318223
318537
321889
325697
326731
332370
336762
345275
345350
348863
354528
359733
361815
363852
365748
372736
382407
388193
392535
399692
408533
413624
414643
415419
424274
431623
440073
446920
454036
455519
463951
470353
472738
478238
486276
491346
493624
499326
501349
503478
509666
509803
512254
516466
521083
525965
525998
535763
544369
553379
559950
560558
565843
574606
575361
575435
582591
583894
591930
597540
607219
613623
615978
618863
626969
634377
639629
647505
655004
660345
661506
669861
670947
679972
684345
686225
694595
697903
700766
710508
711869
721316
724182
724916
726897
730727
734088
737489
741862
744207
752727
753435
759986
760039
767172
776549
781572
790045
799299
806089
810311
813655
815099
815943
816333
818400
824284
834017
837666
844826
847153
857100
866526
870281
878440
880890
881117
889396
897486
907479
916996
917748
920407
920857
921471
927711
927938
932589
941362
944607
949262
952630
953543
963003
964438
967525
976844
984368
991500
994380
999638
1003775
1010282
1018841
1027950
1028465
1035271
1035894
1038210
1044292
1047492
1048417
1057474
1062691
1070828
1076498
1085796
1091568
1098360
1104174
1112733
1120012
1123792
1129982
1133367
1137411
1145429
1147862
1152444
1159156
1163373
1166088
1169289
1175868
1179277
1185212
1193723
1200862
1209800
1215891
1220447
1221483
1224660
1226398
1228050
1230464
1240413
1247539
1248049
1249643
1254059
1258466
1265812
1274086
1277087
1277356
1284422
1288610
1291728
1297494
1305725
1308640
1310502
1312322
1314333
1318232
1324117
1326579
1333094
1341141
1343253
1343582
1348774
1350286
1359062
1368457
1374916
1375696
1379109
1385097
1389558
1390758
1390805
1394919
1401656
1405891
1409156
1409643
1410260
1418413
1421887
1427856
1428317
1432790
1434062
1443156
1448142
1456850
1460851
1462500
1464090
1470404
1479408
1485166
1493392
1503355
1506973
1507914
1512035
1516817
1521028
1527466
1528783
1529713
1536619
1542309
1550294
1551460
1551878
1557112
1562528
1567735
1569129
1573776
1574380
1583786
1591613
1597754
1601293
1608816
1616435
1624127
1632955
1641429
1642647
1651811
1653138
1658234
1661156
1664128
1670051
1674397
1677113
1677528
1684145
1684627
1694567
1703484
1704817
1713425
1716911
1718272
1718317
1723158
1728072
1734516
1736301
1744979
1749758
1753779
1755101
1759448
1765854
1768720
1771992
1781818
1790144
1791032
1796076
1804879
1811651
1818919
1823731
1832150
1836553
1846429
1855306
1859921
1868611
1874023
1881993
1887772
1892166
1893390
1900376
1909883
1918002
1921269
1923965
1930369
1933509
1933687
1939035
1946107
1948058
1951923
1961522
1963735
1969458
1979161
1984316
1985613
1987617
1990265
1996482
1997342
1997420
2003219
2008999
2018633
2019903
2026621
2032216
2040356
2048830
2057050
2060430
2066215
2075067
2075308
2076584
2080822
2085687
2087904
2097091
2100074
2106442
2111692
2118016
2122088
2125214
2127850
2129724
2133298
2142865
2152334
2153195
2155558
2164917
2166099
2167959
2172336
2179046
2180395
2189824
2191678
2193615
2203550
2205790
2210398
2218059
2227605
2232302
2239460
2245339
2250839
2253875
2256486
2263957
2271353
2274068
2282420
2291599
2293978
2299805
2305313
2308393
2310495
2315164
2319038
2328553
2333668
2342772
2344164
2344457
2351575
2357466
2366265
2368990
2370549
2378261
2385345
2386776
2389241
2393070
2394752
2397146
2397323
2397903
2406952
2416568
2424329
2426323
2432674
2433968
2438888
2445060
2448101
2454744
2455152
2455693
2459732
2462698
2466382
2472730
2473571
2475291
2481367
2491329
2498787
2508043
2515889
2525755
2528907
2529728
2534587
2539532
2542304
2552078
2552473
2559654
2565266
2567319
2576804
2585926
2589008
2596019
2602667
2609226
2609275
2614880
2624071
2633175
2635091
2643462
2649058
2654430
2661753
2667082
2667342
2667964
2673398
2680549
2682247
2688472
2690536
2695763
2699998
2703346
2703683
2704729
2712135
2715124
2721380
2730568
2733894
2734191
2740036
2740625
2745134
2746608
2746855
2756135
2762781
2769655
2777965
2780117
2784748
2794048
2798855
2806717
2816647
2823785
2833398
2838195
2840433
2845145
2849081
2850630
2857485
2866044
2876009
2879505
2882479
2891733
2901487
2906303
2911317
2915640
2923612
2931085
2933898
2935010
2938793
2944612
2947294
2950558
2956327
2965326
2974855
2982559
2988002
2995212
3001469
3007863
3017556
3017964
3021931
3030688
3031109
3036997
3043301
3046622
3049866
3051936
3058736
3067486
3067755
3069673
3072931
3079559
3083458
3092981
3095119
3102819
3110329
3116512
3119911
3122205
3126950
3134491
3140594
3141902
3143921
3147219
3151153
3154796
3164299
3166813
3166820
3167918
3168017
3175304
3178357
3186296
3194970
3196782
3206436
3207467
3212809
3214521
3222278
3230964
3233074
3241064
3245138
3250910
3253557
3261135
3268463
3278094
3287336
3290317
3299937
3307925
3311135
3321088
3321893
3331598
3333158
3337942
3346257
3355070
3358875
3364097
3369569
3371397
3379912
3382560
3384854
3393133
3397053
3399225
3407085
3410949
3415077
3415173
3415942
3424409
3433239
3438413
3438952
3441271
3449766
3458435
3466902
3476090
3478710
3484913
3492330
3501345
3503579
3513137
3514993
3519330
3522249
3525163
3526057
3534823
3536457
3539517
3544192
3549232
3551032
3551166
3553217
3556341
3557596
3563647
3569360
3571612
3579052
3584910
3593815
3596019
3598881
3601632
3604186
3608298
3617960
3619228
3622011
3622357
3622399
3627287
3637264
3646858
3656335
3656941
3664264
3669021
3678738
3686752
3695937
3705433
3708897
3712705
3719022
3723476
3731641
3735789
3743372
3744697
3745066
3751817
3761194
3764049
3767899
3775307
3777479
3780739
3790374
3792055
3800226
3808727
3814339
3819228
3820278
3828033
3833502
3840060
3841462
3846484
3848531
3854298
3861998
3862384
3871831
3874503
3879742
3881905
3885473
3892840
3899912
3904113
3911236
3912407
3914332
3920882
3921944
3928764
3934010
3934823
3942358
3943643
3948987
3953896
3959483
3960249
3967504
3967626
3968058
3977008
3984176
3992349
3996000
4000342
4004886
4007639
4008797
4013590
4016362
4021657
4029251
4036226
4037593
4040973
4049290
4052299
4059140
4068481
4070008
4077719
4078985
4087102
4094517
4101401
4108700
4113425
4122454
4125841
4128101
4129551
4135907
4144926
4154094
4162675
4168473
4174535
4177809
4179996
4183815
4184662
4193120
4194573
4195285
4198471
4203742
4209312
4216800
4225341
4234544
4237071
4240177
4245157
4248083
4255868
4263098
4270813
4278852
4287222
4295227
4295407
4295765
4302516
4310688
4319568
4320527
4329289
4336309
4339815
4345531
4354094
4359192
4365583
4375386
4377835
4380169
4382971
4384705
4390632
4394538
4400262
4403403
4412924
4413333
4420541
4425665
4433742
4437575
4440028
4445822
4452437
4456507
4459143
4459399
4463236
4465729
4466186
4468619
4472908
4478454
4482813
4484001
4489710
4496148
4497784
4498691
4503107
4504739
4511367
4517679
4523926
4527501
4527598
4537233
4539864
4541017
4550024
4551826
4560536
4570339
4572145
4575527
4578592
4582126
4587558
4596811
4605091
4612445
4618024
4619729
4627759
4636497
4639826
4641439
4642956
4646575
4654425
4658984
4661430
4668664
4675235
4680866
4684647
4691400
4693096
4694506
4696221
4702875
4708008
4715451
4718881
4721194
4721596
4728211
4735566
4738893
4741402
4747381
4750553
4759808
4767801
4775398
4775834
4784243
4792486
4800249
4802335
4806117
4807251
4815118
4817644
4820420
4829409
4837314
4840377
4842303
4845468
4854114
4861470
4864482
4873223
4878554
4879740
4886145
4894183
4904033
4909779
4912481
4919949
4921442
4927207
4927600
4932391
4933653
4939165
4944063
4948226
4949500
4953930
4961836
4961950
4968721
4971190
4971579
4975527
4983911
4993895
5000993
5001758
5002609
5003781
5013740
5020425
5026568
5034279
5037421
5041162
5046141
5052223
5060591
5063419
5069667
5073298
5076486
5081647
5081826
5090191
5096530
5104677
5108124
5115108
5124048
5129660
5134694
5141180
5145819
5150200
5158010
5159855
5164687
5172082
5172574
5180653
5181863
5190126
5193287
5200870
5210324
5216815
5225333
5229123
5230106
5235449
5240991
5248565
5256143
5265635
5274209
5283465
5289896
5289920
5295020
5302756
5309082
5314122
5319887
5327829
5336686
5337970
5343644
5346820
5355088
5356307
5360857
5368315
5375518
5383702
5385181
5387301
5388278
5388922
5395648
5400602
5407330
5411165
5420930
5425936
5432625
5439372
5441472
5443532
5447413
5448651
5449162
5456492
5461603
5470499
5476971
5482595
5482761
5492381
5497225
5504759
5508346
5508428
5517201
5521570
5525367
5530106
5531222
5531666
5535557
5541682
5544026
5548101
5552107
5552492
5561155
5567582
5572843
5574909
5582789
5591891
5597786
5603834
5609069
5612631
5615144
5620666
5624608
5631985
5639836
5645519
5650043
5656054
5657743
5666434
5673582
5678925
5687696
5690014
5694138
5697819
5703908
5712637
5722124
5725617
5734488
5742992
5744338
5751299
5756676
5756737
5763904
5769841
5773852
5775480
5777012
5778680
5786816
5788410
5790126
5800082
5802255
5809298
5815633
5819108
5827188
5834190
5841918
5849535
5855713
5862956
5864919
5871840
5878375
5883699
5891972
5900287
5903037
5907824
5908953
5918062
5924095
5933248
5940141
5940887
5945138
5947534
5953452
5954992
5961104
5968458
5974079
5983029
5988611
5993516
5994259
5998621
6006955
6009398
6010234
6010596
6012731
6013386
6020247
6022673
6031904
6033771
6043130
6043436
6053274
6061631
6063279
6064776
6072890
6075435
6079264
6089164
6091349
6091898
6099864
6100471
6103237
6104349
6108955
6109413
6116632
6126496
6131098
6134463
6139046
6147665
6156831
6161597
6170881
6180191
6188229
6188828
6191635
6200524
6209820
6212633
6214966
6223369
6225653
6235447
6235950
6245247
6248427
6253863
6254289
6264171
6273513
6277280
6284438
6286557
6291600
6297013
6301285
6303243
6306870
6309836
6317289
6321622
6330117
6336231
6337173
6343296
6349675
6350110
6359281
6360155
6368513
6372225
6382014
6386911
6394590
6399026
6401575
6408205
6412451
6415873
6417171
6421092
6429784
6435129
6443091
6450398
6452613
6461104
6468665
6474542
6477948
6479358
6482997
6491146
6497672
6506034
6515483
6517766
6518085
6518537
6521855
6530370
6537800
6540713
6544333
6545392
6547375
6548019
6554609
6556932
6565690
6574255
6575924
6584336
6590275
6597300
6604181
6609646
6617630
6621885
6623166
6631880
6641567
6642605
6648803
6657483
6662648
6672417
6675546
6678301
6683203
6687696
6694372
6702874
6707549
6709198
6710322
6714862
6716509
6722577
6725082
6725190
6725943
6727548
6729699
6730403
6733521
6735228
6737384
6746300
6753691
6756048
6760190
6765767
6768498
6770142
6774286
6777527
6786568
6786780
6793421
6802177
6809509
6813062
6816424
6820737
6821043
6831034
6831228
6835101
6838176
6844313
6851089
6853543
6858194
6858437
6858784
6864161
6873517
6877553
6880514
6886802
6893789
6899167
6900306
6908040
6917220
6926021
6928894
6931946
6941303
6943430
6947965
6948898
6953647
6960597
6967176
6967240
6972031
6978036
6981590
6986172
6986763
6994867
7002914
7007493
7016012
7018863
7020854
7021256
7030918
7033300
7038263
7043752
7049486
7051688
7058411
7062447
7071263
7079281
7087749
7088202
7091232
7091788
7096202
7097587
7099048
7099495
7100819
7106176
7106742
7111765
7112605
7121404
7123363
7133318
7140648
7149217
7151931
7161299
7162960
7164281
7167442
7175888
7177111
7184883
7189688
7192776
7193963
7194371
7196029
7200014
7201107
7202012
7202828
7210478
7220263
7222874
7228315
7233931
7235755
7242481
7246147
7251309
7260709
7270661
7275828
7285620
7294778
7297014
7303550
7306645
7313448
7317632
7320194
7325675
7327244
7336544
7338395
7340436
7344540
7347154
7356976
7365220
7372757
7374224
7376703
7380258
7382783
7390935
7393450
7395831
7403946
7405080
7411111
7412160
7421446
7427810
7427870
7431711
7433694
7436492
7445808
7452771
7457742
7464258
7466366
7474271
7481570
7482671
7484124
7487828
7495032
7499290
7504554
7512023
7514178
7523777
7530263
7532970
7536105
7539893
7547142
7551824
7557290
7565124
7570151
7571256
7573629
7576389
7585734
7595138
7597362
7607143
7608426
7614666
7616341
7617845
7620032
7626747
7634766
7641162
7642969
7649451
7653767
7661014
7663291
7672653
7678548
7682397
7691847
7692830
7700735
7704689
7712303
7716218
7725506
7731310
7738590
7741620
7741887
7747975
7749721
7758860
7765481
7772669
7774357
7778185
7779630
7785376
7786035
7789615
7792468
7797144
7806620
7811526
7818746
7825293
7831164
7841009
7845675
7853241
7858743
7866170
7868290
7873489
7876447
7884643
7887541
7888159
7888841
7892628
7899902
7903614
7906385
7914909
7917735
7918295
7924064
7928752
7936366
7941178
7942018
7946392
7951123
7954156
7954413
7964402
7972834
7974818
7978790
7986786
7991754
7999083
8006386
8012284
8012324
8013532
8019170
8025739
8033798
8039742
8048565
8057177
8059217
8061620
8071004
8078358
8081250
8088893
8095973
8100736
8102538
8102893
8103563
8108618
8114038
8118277
8127455
8134389
8138889
8147699
8149545
8154659
8158806
8168493
8177238
8180294
8189579
8196202
8198498
8201312
8207928
8213216
8219497
8219551
8220278
8227276
8236865
8238577
8244392
8247523
8248076
8248851
8250832
8258827
8266549
8269870
8279831
8287442
8292164
8301238
8311114
8311969
8317852
8321006
8330943
8330977
8338504
8340306
8347589
8356381
8365319
8371278
8375113
8379033
8380110
8389795
8397711
8399196
8403227
8407679
8413357
8417665
8418594
8426762
8436196
8439163
8443610
8448932
8451740
8460124
8463130
8463238
8464537
8471426
8476440
8484690
8485528
8495328
8502870
8510274
8510632
8519073
8520000
8520392
8529715
8537094
8544004
8549256
8551011
8559135
8561768
8564385
8570662
8572238
8576850
8584085
8592028
8595881
8601497
8609646
8611131
8621005
8624607
8628936
8631695
8633173
8633713
8640134
8645915
8651559
8659985
8668122
8669483
8673967
8674521
8680846
8682375
8683484
8692389
8695597
8704309
8711420
8720082
8724277
8732790
8736467
8743369
8744388
8753419
8755722
8765373
8771930
8773045
8780843
8787916
8789416
8789434
8798474
8805721
8815504
8823922
8833717
8834171
8839137
8848827
8851193
8858843
8864109
8865576
8872131
8877756
8879024
8885127
8889400
8893460
8896217
8905886
8909892
8916190
8923011
8924336
8931410
8937198
8942550
8950796
8951818
8955034
8963940
8970605
8971112
8975933
8978992
8981314
8989122
8995601
8999575
9003322
9010805
9018557
9019936
9020085
9022237
9024945
9025886
9032938
9042249
9051048
9057069
9065362
9068874
9069407
9075236
9079459
9085533
9090666
9097603
9099494
9103030
9104985
9112912
9116289
9121374
9127326
9128861
9129797
9132796
9140245
9144435
9149157
9156691
9158260
9160577
9168507
9178347
9187463
9191069
9200648
9206365
9213150
9215316
9215338
9217327
9224297
9226183
9228070
9230656
9236331
9240046
9241203
9242291
9249936
9254198
9257362
9263722
9263872
9272366
9272567
9278035
9283946
9292923
9296676
9300289
9303107
9310933
9314867
9319451
9329056
9333860
9339147
9339442
9342537
9346389
9350800
9354867
9362305
9362453
9370487
9375406
9379417
9384949
9385989
9389493
9396472
9403619
9408178
9414531
9423373
9427345
9431513
9432957
9434171
9434415
9440364
9441526
9448051
9454938
9455968
9457267
9462488
9465506
9468760
9477712
9480998
9486401
9491002
9495535
9502964
9505136
9508892
9516545
9522977
9523176
9526097
9529671
9529968
9539484
9544602
9547446
9548215
9555804
9564501
9570902
9572776
9577106
9577476
9582558
9590982
9593606
9594491
9602928
9610221
9615946
9622980
9628722
9629923
9639370
9645469
9654765
9664496
9673498
9674091
9676627
9677009
9679721
9680236
9681842
9689156
9690894
9692939
9695000
9697189
9698122
9704379
9713701
9720507
9724739
9730783
9739136
9741110
9749560
9755895
9763929
9771645
9774285
9781158
9783793
9788189
9796801
9804382
9812773
9818848
9825073
9831846
9836602
9837283
9838486
9843609
9848267
9855598
9863673
9872345
9878752
9879907
9887451
9890974
9895342
9899069
9901886
9906781
9908879
9916427
9919354
9926019
9930194
9938190
9941718
9942283
9943070
9949241
9954975
9962955
9965689
9966202
9967824
9973692
9977832
9980301
9989049
9998085
9998725
10006100
10009159
10009793
10019105
10021929
10023563
10027167
10029112
10032953
10035203
10044018
10048596
10055952
10059117
10068372
10076419
10079373
10079878
10083865
10086405
10087159
10087224
10087404
10095861
10098432
10098492
10102646
10108155
10115441
10121127
10127482
10131725
10135608
10138077
10142462
10147704
10152071
10152830
10152949
10155533
10159100
10168915
10176211
10183369
10187668
10196354
10204957
10214483
10216741
10220699
10222866
10228714
10229215
10237560
10239503
10248140
10251207
10253263
10258114
10264773
10267686
10274541
10274744
10281671
10287762
10291064
10297279
10297640
10299508
10308495
10317231
10317440
10322702
10331833
10335630
10344701
10353147
10361570
10365181
10373237
10376060
10376319
10380804
10390129
10394490
10403532
10412391
10416756
10422826
10430519
10439825
10449787
10450724
10450870
10456462
10461559
10461690
10465427
10465525
10471176
10477867
10481069
10483393
10487978
10491195
10492613
10502457
10502701
10510133
10516434
10516909
10517911
10518981
10528426
10529787
10536920
10539993
10547113
10551629
10553082
10553897
10554457
10555870
10560300
10569454
10577673
10584472
10587612
10593394
10597381
10604233
10610435
10618043
10625115
10631377
10635460
10637762
10638027
10646010
10655137
10655982
10665104
10668814
10677405
10679671
10680711
10681318
10682978
10691187
10692090
10695727
10703025
10709132
10710768
10716086
10725592
10728920
10733295
10735442
10743878
10746863
10756710
10761544
10768987
10769499
10769541
10776096
10781027
10781961
10784757
10786288
10789470
10789759
10791867
10796547
10804638
10805310
10808805
10813943
10821879
10823476
10830240
10838098
10840656
10848046
10850300
10853022
10860585
10862608
10863112
10870193
10878591
10884190
10887672
10889753
10897291
10900232
10900570
10902192
10903789
10905085
10914963
10918960
10921579
10927843
10933633
10939183
10947410
10955126
10960548
10969140
10977663
10982728
10986873
10988633
10990688
10994283
11001292
11006649
11015590
11017329
11017476
11019287
11019707
11028281
11028841
11038684
11039047
11047132
11047433
11055268
11057162
11065496
11067284
11072699
11073005
11075492
11076991
11086786
11087852
11091526
11099265
11101564
11102542
11102983
11103154
11106580
11110709
11116428
11120414
11128282
11137750
11142871
11145683
11147531
11151399
11153630
11157306
11166775
11169672
11170563
11177106
11181377
11181890
11186135
11194456
11196342
11200463
11210191
11217464
11221012
11230568
11230653
11235420
11235589
11243390
11244208
11253390
11253931
11256793
11262095
11264196
11270069
11273168
11280747
11288610
11291708
11296678
11305959
11309977
11316059
11317365
11327240
11328853
11335466
11339100
11347204
11357102
11365604
11367414
11369103
11369690
11376022
11377612
11386934
11388726
11394594
11398822
11399132
11409099
11418479
11424419
11433390
11437387
11442891
11448170
11453401
11460369
11461982
11462078
11462652
11464675
11468523
11469011
11473828
11481613
11481759
11488189
11490106
11491332
11501271
11505929
11509022
11510530
11512217
11520171
11526951
11527705
11529138
11529544
11536387
11543491
11546350
11550084
11556751
11560109
11561628
11562232
11564424
11566891
11570336
11570532
11575063
11582150
11590184
11593576
11599138
11604074
11607987
11612458
11622383
11629285
11634670
11640091
11643555
11653405
11654111
11661869
11665613
11668694
11677002
11678414
11688194
11697256
11700623
11706280
11706802
11714575
11722528
11723606
11732664
11740613
11742460
11743237
11750440
11754133
11759016
11764445
11770205
11778172
11780250
11781933
11790868
11796789
11803328
11803927
11807053
11808973
11810093
11814059
11818821
11825964
11828477
11832831
11834356
11840170
11845637
11849861
11859856
11863982
11872280
11879193
11880067
11884811
11894802
11903382
11911145
11914910
11917919
11925756
11926309
11930965
11935531
11943953
11949494
11957622
11959461
11966440
11967675
11976245
11984475
11984655
11993052
12002383
12009091
12009703
12018266
12021468
12031335
12035014
12040921
12047757
12056666
12066346
12071684
12081373
12086997
12087148
12096371
12099103
12101693
12104183
12105007
12105248
12112037
12118264
12119804
12123970
12126777
12131056
12139796
12139808
12148487
12157789
12167579
12174362
12179931
12188745
12197785
12201097
12206469
12211727
12217989
12219449
12224345
12225185
12228393
12230030
12231276
12236500
12241894
12244652
12248732
12251693
12255102
12259410
12264415
12266172
12270787
12278971
12288308
12297657
12302917
12311326
12316581
12322716
12330253
12338716
12348536
12350539
12351405
12360159
12362257
12370343
12373070
12376783
12378724
12383105
12384743
12391141
12399122
12404893
12410806
12418604
12421685
12427770
12436466
12440881
12448949
12450000
12453427
12459357
12461044
12462117
12471124
12472827
12474534
12481938
12486892
12496548
12503773
12512021
12516480
12518494
12522110
12527875
12537598
12544285
12546526
12554065
12559323
12561525
12562975
12570001
12576561
12581570
12589952
12591484
12598365
12604977
12614239
12616253
12621529
12622536
12625710
12633359
12639519
12641080
12643310
12646197
12652929
12653134
12659961
12668234
12673307
12682145
12683323
12687337
12689870
12697826
12704330
12707255
12712846
12716681
12721538
12724789
12727840
12736634
12738077
12738325
12740886
12747103
12748109
12755353
12759871
12761930
12767988
12768075
12777585
12786628
12786785
12792639
12794378
12797037
12798949
12806295
12814302
12814510
12820690
12828324
12829871
12837568
12844110
12845550
12851872
12857975
12862996
12871285
12876946
12886392
12890148
12895394
12904317
12911693
12921221
12930893
12939985
12946212
12955963
12956771
12963445
12971358
12973489
12980806
12988371
12996993
13000499
13008337
13014434
13021969
13031828
13037659
13041290
13045175
13049790
13059214
13067195
13076939
13084453
13094374
13096160
13096936
13103413
13107511
13109545
13113368
13114953
13116191
13122105
13131988
13141637
13149149
13154038
13159701
13164833
13171711
13173859
13174276
13175938
13185628
13190320
13194870
13198113
13202273
13210278
13219712
13228615
13231432
13236134
13244690
13248359
13252780
13254004
13256345
13258866
13267226
13271014
13280255
13285051
13289446
13295588
13304874
13309510
13317185
13317841
13319210
13321847
13321958
13326282
13333723
13340187
13349973
13358743
13363874
13369153
13378434
13378500
13387744
13393602
13393753
13397792
13401101
13409806
13412961
13415050
13418410
13424752
13432035
13434399
13443344
13444189
13446231
13452953
13460657
13463981
13473122
13480140
13483159
13485024
13493899
13503726
13506015
13509996
13512750
13517727
13518368
13524867
13530754
13534924
13538468
13540544
13544037
13549379
13559212
13568110
13576541
13584110
13585340
13589747
13599275
13603202
13612367
13613848
13623327
13630553
13636528
13646436
13652365
13657128
13664210
13671543
13673357
13678480
13688293
13688476
13697394
13703062
13711682
13718078
13726266
13730763
13732012
13740724
13745300
13746362
13749180
13755401
13760436
13763882
13772093
13780860
13790839
13790918
13795158
13799706
13805313
13813565
13815793
13817259
13821047
13821358
13824438
13830874
13833263
13833623
13834042
13836556
13839413
13841060
13847459
13853920
13858446
13858728
13863892
13864720
13866300
13866559
13874941
13879666
13880703
13887960
13891354
13899037
13902653
13909207
13915909
13916150
13925122
13926828
13936610
13937010
13939732
13947254
13947664
13948187
13956086
13963662
13965482
13972206
13975662
13982452
13992164
13999790
14007271
14008161
14016990
14019784
14020885
14025119
14025711
14026590
14027206
14030039
14033958
14035182
14044393
14051107
14057326
14058242
14067534
14071014
14073188
14082336
14088078
14097918
14102546
14106767
14115643
14118928
14123031
14130727
14133654
14138659
14146773
14153917
14154541
14156273
14164312
14170368
14178438
14187251
14194815
14198573
14199325
14203901
14206316
14214700
14215467
14218240
14221547
14222668
14222967
14225443
14228294
14229270
14230092
14234690
14238908
14241050
14247687
14248618
14257263
14258217
14267299
14270156
14274613
14278127
14281734
14283523
14292129
14296841
14301350
14307416
14317181
14324484
14328894
14332489
14335103
14343471
14348736
14356782
14358559
14364332
14366039
14371823
14373813
14380502
14387810
14389929
14390410
14397901
14407342
14414245
14418370
14426663
14435947
14442103
14444096
14453877
14463175
14465968
14470983
14472550
14473242
14475910
14476503
14486355
14492172
14492930
14496953
14497509
14500250
14500820
14507847
14510051
14517845
14524293
14525795
14525926
14527003
14533986
14543645
14550748
14555800
14562077
14563742
14573109
14577112
14582164
14582410
14587542
14595035
14603415
14611565
14617342
14626270
14630316
14636767
14645091
14651924
14658104
14666526
14676102
14682293
14686528
14688516
14694276
14695975
14700785
14702670
14709560
14712637
14721319
14728692
14738026
14746156
14750173
14760066
14763940
14764221
14770009
14778397
14781248
14786389
14787518
14792380
14793214
14799186
14808961
14814416
14823264
14827607
14835953
14840426
14845026
14853428
14855530
14857282
14866562
14868181
14870477
14871252
14872110
14876141
14877873
14887629
14888714
14891922
14894176
14900622
14908569
14909732
14911636
14915371
14915594
14916031
14922900
14925736
14935422
14944420
14953620
14955613
14961316
14967473
14971725
14972222
14975837
14979984
14983568
14986723
14991072
14992037
15001779
15005140
15007371
15017075
15023068
15026310
15033037
15038238
15047615
15050510
15055988
15061840
15065709
15067232
15072148
15072878
15077985
15084460
15090061
15093093
15099659
15109568
15110730
15115972
15120561
15123238
15130697
15132575
15141915
15150228
15151137
15158846
15161599
15167965
15176738
15184598
15191988
15192241
15201242
15208635
15209369
15218326
15226685
15236287
15240788
15245872
15246356
15251594
15252786
15255466
15256576
15262047
15265717
15267260
15268203
15272282
15275884
15280946
15287064
15290679
15295189
15304916
15309096
15313959
15320956
15322031
15330550
15337149
15345170
15350457
15359439
15362619
15371747
15378223
15379889
15385984
15387998
15394484
15402841
15408888
15409968
15411134
15420185
15422248
15422363
15428702
15435751
15444184
15445462
15450465
15455135
15456769
15460075
15461042
15462726
15463941
15471779
15475479
15484874
15492095
15495939
15504609
15509924
15519803
15525103
15529550
15530825
15532145
15532747
15534912
15544795
15552355
15559113
15568379
15574525
15580024
15585720
15593733
15601570
15609175
15617501
15622354
15627615
15633537
15641013
15641835
15643087
15650753
15658768
15667076
15674639
15674864
15675662
15682850
15690901
15690970
15699167
15708521
15716831
15721359
15730014
15732555
15733764
15742586
15752401
15761912
15769913
15773505
15779300
15786941
15788907
15793802
15800120
15802051
15806187
15806639
15816288
15816608
15819365
15827648
15834733
15842773
15847226
15851179
15859810
15861249
15862875
15866805
15868261
15871032
15875295
15884220
15890492
15892654
15892769
15898013
15903804
15907262
15912696
15920050
15928130
15933437
15940302
15946751
15955481
15960232
15960348
15964088
15972875
15980548
15988689
15992128
16000908
16009791
16010546
16018921
16023852
16028381
16032714
16041829
16050686
16060617
16060730
16068283
16072460
16075349
16076307
16085729
16086738
16087736
16092922
16096175
16096504
16096879
16104184
16112745
16120838
16122811
16122814
16127388
16128860
16137793
16144721
16152386
16158865
16167898
16170644
16173803
16183362
16186386
16194257
16198700
16204688
16209192
16218962
16223283
16228746
16232702
16234395
16234939
16239725
16240229
16249362
16250959
16259586
16269091
16269597
16274575
16279435
16280717
16284279
16287252
16294303
16295336
16299001
16306701
16316136
16323304
16325110
16326941
16328930
16338177
16342390
16345284
16352520
16354150
16358138
16362139
16368159
16369719
16376972
16381747
16382345
16384101
16384676
16392137
16394348
16399401
16408738
16413418
16423220
16432429
16440681
16441591
16443855
16448982
16449034
16457001
16458572
16460277
16465848
16475233
16483476
16488357
16492791
16498512
16504798
16510190
16517731
16519560
16529254
16536208
16540137
16543294
16544030
16544547
16550063
16557682
16561774
16564749
16566918
16573758
16579050
16587241
16590648
16592429
16602168
16609900
16615113
16615116
16617096
16625267
16626480
16629650
16639430
16649010
16654812
16655130
16660591
16663266
16663905
16664097
16667033
16670277
16674162
16683843
16685528
16690607
16694199
16701504
16710786
16711086
16715565
16721810
16722872
16728256
16730662
16740428
16743685
16744090
16746636
16746786
16754780
16762195
16762547
16770713
16779861
16780728
16784138
16789837
16790427
16794709
16798188
16806884
16814714
16823661
16824211
16832015
16837832
16841343
16849110
16855745
16859946
16866512
16867134
16868577
16876476
16877891
16887719
16896476
16903360
16909628
16915280
16918235
16919948
16929312
16939183
16940248
16948919
16958913
16966398
16973530
16974471
16983137
16988306
16990433
16993293
16994353
16998616
17007524
17014851
17020428
17023976
17024487
17028172
17035838
17045080
17051006
17055071
17064336
17072575
17078340
17084630
17089717
17098686
17101637
17109929
17111069
17120717
17121099
17124157
17127713
17135665
17139452
17139537
17147992
17155529
17161922
17163024
17166145
17167653
17172265
17176885
17183189
17186642
17195753
17200468
17202233
17208385
17208788
17211133
17219494
17227807
17234410
17236576
17241760
17242884
17245856
17252599
17257906
17267863
17274306
17283945
17286896
17295086
17302532
17307327
17311506
17315645
17317065
17326873
17331433
17335707
17344147
17349191
17356120
17362516
17370620
17375529
17384906
17393045
17401026
17408972
17410479
17416247
17424994
17429878
17437435
17445957
17451397
17452005
17454499
17461111
17462153
17467389
17476979
17477742
17483710
17484673
17488998
17498808
17504466
17504585
17506908
17513681
17514910
17516392
17518471
17522566
17523084
17532717
17535672
17539792
17546584
17553726
17563714
17572640
17579241
17583209
17583689
17589815
17592701
17596670
17606206
17612925
17615188
17617600
17624613
17626833
17632895
17639631
17647742
17654794
17662354
17670520
17676200
17678488
17680718
17688497
17693648
17695224
17704365
17710935
17711439
17714193
17716202
17724732
17725980
17726364
17731941
17739923
17747994
17748222
17756961
17759712
17767254
17776721
17776769
17777492
17786252
17787056
17796930
17806089
17806094
17814586
17824196
17825093
17830158
17834709
17838796
17845631
17851091
17853903
17858135
17858803
17868445
17874090
17880205
17886062
17892696
17893770
17895176
17897931
17902807
17912296
17918706
17922767
17927299
17933887
17936206
17937899
17944686
17947926
17948808
17956708
17959216
17961749
17966473
17975173
17977385
17981223
17984603
17989432
17999371
18005370
18011727
18012058
18015057
18016527
18024153
18028673
18030520
18037184
18042749
18048303
18054484
18060557
18069196
18074604
18075305
18076799
18082312
18086630
18090512
18095883
18102189
18108320
18109800
18117588
18125501
18128248
18131756
18135830
18145464
18150878
18157485
18158610
18164896
18173340
18173741
18183077
18188567
18192674
18199053
18205411
18213101
18213403
18217744
18219966
18226996
18235312
18236277
18244370
18251796
18257983
18258128
18265409
18273413
18279204
18282592
18287878
18297381
18300167
18305747
18311090
18315574
18315607
18323604
18329030
18333646
18342751
18346093
18349165
18357325
18360986
18368530
18375265
18380313
18388118
18397189
18397899
18401503
18411427
18420740
18425369
18430775
18438477
18443833
18448808
18458582
18464938
18468278
18470443
18478515
18480057
18487691
18492523
18496297
18502620
18512620
18518342
18521260
18526940
18529404
18534149
18539788
18541023
18541828
18545229
18545994
18555836
18564069
18567498
18569094
18571859
18577704
18579498
18581898
18582191
18587598
18587910
18596569
18602801
18604191
18610045
18618645
18623487
18625032
18629161
18632622
18634446
18643355
18648219
18652953
18661157
18663202
18665145
18669588
18672101
18672185
18672688
18680971
18690877
18692627
18694593
18702051
18708094
18711826
18719450
18720376
18723379
18725297
18733490
18743449
18745558
18749641
18753022
18755251
18764676
18768792
18769023
18773003
18774183
18781710
18791496
18794058
18803331
18803531
18808506
18815803
18815877
18823902
18826426
18835473
18838944
18841193
18845758
18855032
18859177
18867228
18876598
18884320
18892924
18893305
18900966
18907093
18908044
18917869
18920923
18922956
18923085
18924774
18926043
18926226
18932172
18941519
18948698
18948801
18954572
18958640
18961189
18967872
18972307
18975852
18984393
18989054
18993837
18997397
18997876
19003437
19005761
19014886
19024468
19026205
19028889
19032266
19036042
19040120
19042899
19046975
19054476
19058541
19063979
19069942
19076709
19081855
19087854
19091539
19097721
19098345
19107295
19111926
19112945
19116080
19120991
19123015
19123526
19125790
19126258
19132056
19141943
19148777
19149073
19157504
19165590
19172980
19178756
19187424
19197183
19207095
19213988
19216683
19225888
19232185
19238499
19241617
19246939
19248373
19248403
19256467
19258131
19259526
19265413
19265433
19270128
19276561
19281397
19287838
19290098
19290712
19294028
19299635
19308013
19316390
19317638
19325962
19331441
19338960
19343898
19345325
19345355
19347405
19351710
19354389
19360849
19369086
19369656
19375566
19380615
19383201
19388014
19395798
19405459
19413349
19417229
19423804
19430937
19439773
19447441
19454945
19455698
19461683
19470917
19479444
19487383
19492346
19493947
19497332
19499033
19501447
19510647
19520225
19522672
19525391
19532777
19538153
19543486
19548287
19555970
19559625
19567434
19573144
19578581
19583207
19584985
19589995
19593394
19594621
19602573
19607448
19608427
19613149
19614599
19615012
19623975
19624009
19624759
19627882
19636633
19645738
19646319
19654991
19664036
19672714
19673346
19682149
19685986
19694966
19703625
19711777
19719289
19728126
19734323
19736734
19742819
19744613
19750950
19760781
19766636
19776378
19780670
19782907
19784242
19788005
19788792
19793144
19800577
19810229
19813237
19821314
19826415
19827792
19831848
19832336
19839389
19842950
19844787
19853941
19854515
19858973
19864360
19864511
19873852
19883568
19889641
19892348
19892355
19898590
19907773
19908322
19909062
19910881
19919615
19920698
19921515
19926273
19934304
19940557
19950326
19952303
19953035
19954897
19962273
19969246
19976083
19980367
19981067
19986947
19988196
19989461
19991397
19993897
19998139
20000909
20003027
20011771
20012813
20016457
20025553
20031811
20032354
20036481
20038796
20046258
20054467
20056110
20065846
20074502
20075114
20075201
20078249
20085374
20087333
20096149
20101073
20104009
20111224
20116182
20118028
20121028
20126524
20132815
20141575
20146429
20150647
20157059
20163962
20169055
20173283
20180525
20182248
20190530
20195593
20196675
20201257
20205932
20213421
20219197
20225707
20234815
20244708
20249223
20250400
20254716
20255632
20261553
20262965
20268171
20271893
20281016
20287512
20289347
20291930
20294422
20303487
20306532
20313100
20317415
20317803
20318090
20320091
20326874
20327167
20336183
20345025
20348587
20355350
20361196
20370399
20374493
20378229
20381580
20389041
20392550
20401606
20405800
20415199
20421228
20421337
20427493
20428959
20434334
20436522
20445985
20446066
20448498
20456219
20464032
20468592
20473569
20483379
20484973
20488220
20488781
20491127
20491414
20497409
20500676
20506912
20516835
20519854
20525848
20529986
20534014
20534248
20541928
20545433
20549588
20557145
20562015
20564698
20574168
20581434
20587568
20589584
20594734
20595433
20598621
20607286
20610527
20615253
20619448
20620268
20621494
20629240
20633324
20635769
20636013
20639181
20640901
20645460
20651442
20660781
20662628
20670859
20679923
20686809
20696707
20702067
20708942
20717983
20725425
20727698
20730817
20740568
20741555
20751474
20755096
20764848
20773403
20782219
20787472
20789709
20797538
20797680
20804627
20812960
20820810
20821005
20826455
20834482
20838513
20843240
20844067
20845549
20847990
20852442
20859512
20859910
20865979
20874317
20879123
20879283
20881095
20881307
20883694
20885596
20886383
20896284
20897789
20904153
20913698
20920114
20923024
20924443
20926037
20930185
20935026
20940038
20942687
20945503
20950261
20955159
20964753
20974377
20981415
20987296
20997061
21004537
21013580
21021042
21026792
21033025
21038882
21044983
21045400
21053359
21055166
21059255
21064265
21067960
21070397
21079673
21088572
21097754
21107362
21108693
21114748
21123318
21125047
21134931
21143591
21145550
21150441
21153872
21154622
21162693
21171392
21174878
21177211
21182567
21191681
21200019
21202403
21207534
21210812
21214672
21217099
21218714
21222337
21226366
21227178
21230593
21231350
21240433
21247837
21248378
21254512
21261816
21263977
21266093
21266650
21272690
21273825
21274318
21276844
21286667
21291529
21298175
21305749
21312353
21318680
21326232
21329712
21338950
21339615
21346394
21346780
21351854
21360054
21366422
21367940
21373410
21381463
21383058
21389494
21393763
21397995
21407310
21410939
21416731
21424372
21433963
21437645
21443034
21443865
21443871
21447362
21453968
21460896
21469067
21472382
21476358
21479517
21487649
21495090
21498360
21502827
21504136
21506330
21510812
21518312
21527238
21532575
21532719
21541439
21547772
21554740
21561115
21563031
21570520
21578920
21585029
21586155
21591424
21596901
21600051
21600122
21609215
21616604
21619700
21622730
21625987
21630106
21639775
21645326
21647897
21649457
21655127
21662442
21670991
21675695
21678712
21688513
21690157
21690408
21694271
21702129
21704068
21710904
21717029
21717647
21726381
21735729
21740277
21748207
21754803
21763979
21773498
21777061
21786724
21789028
21791685
21796826
21798046
21804050
21810602
21817007
21826856
21836441
21844163
21848528
21858152
21867257
21876355
21880136
21888423
21896160
21896631
21906342
21911030
21920258
21927188
21928956
21934776
21940260
21941053
21950280
21959359
21961599
21964068
21973507
21982123
21989628
21992008
21995129
21995545
22002552
22006012
22012184
22017500
22027453
22027698
22033670
22038798
22042552
22048994
22049765
22053135
22056965
22064201
22071460
22073773
22074768
22077898
22078756
22084964
22086433
22095025
22096844
22100238
22106880
22111075
22111531
22119886
22124354
22128529
22129422
22135599
22143835
22153608
22158513
22168175
22169115
22178664
22179686
22182593
22185534
22187497
22195840
22200738
22204393
22213306
22215683
22217811
22227538
22236539
22245325
22249034
22249572
22251009
22260543
22261400
22268376
22269653
22278718
22286931
22296479
22304747
22314442
22318966
22322454
22329790
22336124
22337752
22344445
22351041
22354638
22363266
22365650
22374774
22384268
22387655
22388182
22394266
22397304
22404914
22410869
22414441
22422223
22429591
22434095
22442947
22447229
22456574
22461838
22465046
22470396
22471454
22476300
22486181
22487214
22491505
22495342
22495942
22497159
22500200
22504281
22509144
22518558
22525461
22535194
22539392
22547011
22551419
22559102
22566669
22572395
22581287
22583226
22589433
22594354
22599959
22609346
22617979
22621292
22626169
22627853
22631413
22632137
22641062
22648387
22651291
22660715
22664935
22667616
22670914
22674568
22682970
22689869
22690464
22694301
22697749
22697799
22704030
22708288
22710047
22710166
22712685
22714746
22719283
22720406
22728275
22734035
22734314
22744192
22751055
22751799
22753559
22760153
22765209
22771455
22771770
22772232
22773575
22782062
22787816
22796270
22802311
22809926
22813337
22816937
22823275
22824688
22825995
22828644
22833839
22837415
22839928
22849798
22851942
22856357
22862650
22869521
22876451
22876480
22879795
22882880
22888780
22898399
22898687
22904459
22912687
22915743
22923071
22928163
22929443
22938967
22940584
22941089
22950594
22955972
22965643
22970598
22979239
22983530
22991775
22999151
23007700
23016363
23017184
23026700
23030491
23032450
23041222
23048505
23054571
23054849
23060670
23070019
23071781
23073915
23074075
23077379
23082171
23084193
23088656
23094276
23097716
23107517
23112210
23119449
23124344
23134282
23136269
23144470
23151610
23153765
23159134
23162327
23165504
23172790
23182723
23188457
23195823
23203417
23204579
23213054
23213104
23219199
23224631
23227785
23234576
23237556
23240088
23249537
23256034
23261535
23261628
23269629
23271312
23280171
23286501
23295671
23304846
23307826
23311549
23313482
23321417
23322458
23327620
23329358
23335082
23339248
23339518
23348574
23352712
23353556
23359312
23360419
23364105
23369971
23375996
23379939
23381776
23390739
23399348
23400086
23405129
23407905
23417374
23421534
23422683
23430729
23434734
23443582
23452921
23453267
23455317
23459969
23463734
23467407
23470861
23474867
23479652
23484817
23485948
23492329
23497479
23503448
23511012
23520979
23527156
23528577
23535173
23542077
23542966
23544955
23546276
23546877
23553406
23557497
23565198
23566898
23572067
23579321
23586914
23596246
23602167
23605361
23605550
23606087
23609971
23611353
23616737
23622385
23625518
23625531
23625860
23627574
23632302
23640362
23641930
23649677
23658020
23658223
23661675
23661813
23663396
23665123
23665157
23673590
23677861
23681632
23688726
23695128
23697773
23699011
23706589
23711534
23719083
23720195
23720803
23723324
23729586
23739024
23745149
23747851
23751662
23759547
23766071
23766409
23767300
23772471
23775538
23781061
23788146
23797530
23798976
23803473
23808916
23815144
23820775
23826324
23833414
23842513
23847800
23854293
23862129
23868788
23869840
23876781
23882207
23885829
23891043
23892690
23896651
23900478
23905261
23912128
23913671
23922229
23929004
23933053
23941207
23943279
23947872
23956931
23962457
23962674
23969560
23970184
23976081
23977482
23984222
23985825
23987198
23994797
24001591
24004817
24013674
24014395
24022286
24025609
24028253
24028391
24037475
24045667
24054090
24062963
24064135
24069818
24077016
24083694
24084013
24093026
24093789
24101132
24104355
24113722
24122368
24125873
24131584
24136732
24140865
24144724
24151881
24158687
24163651
24171710
24179890
24181359
24184417
24184821
24188472
24194758
24201822
24204581
24213187
24216035
24220264
24221038
24225036
24230942
24233097
24234577
24237801
24239512
24247944
24252742
24256373
24257097
24258731
24266751
24268341
24268765
24269608
24271276
24275938
24279612
24285384
24289932
24291988
24298589
24304278
24312981
24313046
24321330
24330227
24333156
24341723
24343149
24352037
24353057
24361332
24362295
24366953
24375617
24383814
24393356
24395882
24404113
24409183
24409419
24416104
24422367
24430702
24437655
24447237
24450309
24458385
24463092
24469884
24473241
24479701
24486535
24492938
24495473
24498544
24508024
24510011
24511080
24516500
24521534
24530208
24535136
24543750
24547122
24547914
24549429
24558352
24566908
24570582
24573798
24577071
24583827
24590815
24592348
24595529
24602299
24611023
24612252
24617141
24624842
24633271
24634321
24640210
24646640
24647444
24654965
24658952
24659950
24661505
24668735
24677408
24683070
24692582
24693452
24698968
24708312
24710217
24716013
24721099
24730464
24736886
24738289
24745380
24754836
24758454
24762560
24770597
24774573
24779468
24786505
24793644
24801584
24809886
24813438
24816572
24825498
24834378
24838808
24847832
24851985
24858565
24863293
24864454
24868037
24868291
24872085
24876796
24877039
24886398
24895957
24903286
24910908
24914227
24920559
24923455
24931092
24931784
24938618
24941973
24947268
24953353
24957566
24961771
24965199
24970718
24979888
24980757
24980957
24988632
24993981
25000519
25001406
25010873
25018505
25024066
25033301
25037948
25041859
25042303
25046776
25047105
25052761
25059314
25063732
25064357
25072462
25076994
25083415
25093068
25094806
25102072
25102674
25112426
25116771
25117918
25127623
25131948
25141904
25146075
25155035
25159524
25163596
25167169
25171940
25179711
25181751
25183419
25189385
25194146
25201116
25201980
25209010
25212626
25215438
25219399
25228773
25231404
25238256
25241172
25243226
25243283
25252008
25260295
25265540
25271681
25277757
25279838
25284965
25292585
25293107
25301318
25304735
25308925
25312570
25321760
25331329
25338058
25341985
25350961
25359284
25360619
25368554
25371440
25373630
25381096
25390622
25390789
25394563
25402994
25406308
25412902
25419504
25421701
25431596
25441233
25442622
25443686
25448650
25450574
25454288
25463198
25463927
25470665
25473233
25475823
25482069
25490916
25496585
25503137
25506735
25508637
25515140
25516136
25525906
25530484
25537177
25543636
25552750
25554963
25562168
25572164
25582139
25591391
25600950
25609058
25618550
25621087
25626828
25636249
25643964
25644306
25650192
25659049
25666637
25668985
25676409
25684933
25690556
25691666
25697493
25699089
25700275
25707768
25715045
25715451
25717562
25719986
25722402
25724551
25728612
25730971
25731570
25733459
25737226
25739047
25747894
25756776
25762697
25764760
25768363
25771963
25778937
25782198
25783429
25786126
25789053
25794577
25797655
25806821
25813291
25820585
25823016
25832594
25837706
25838065
25845627
25851130
25855227
25862279
25868040
25871911
25881529
25884555
25893812
25895160
25900157
25908861
25910293
25913361
25922770
25932045
25932157
25934770
25940667
25948055
25949920
25951489
25952703
25956414
25966315
25972241
25980470
25987297
25994206
25996051
26000455
26005136
26012177
26014325
26019530
26021613
26021930
26031428
26037201
26046107
26055546
26060945
26070423
26071995
26078159
26083309
26088565
26097173
26101471
26104879
26105574
26110701
26119597
26127970
26135448
26141897
26144771
26152012
26154085
26162598
26171239
26176696
26176912
26184830
26193797
26202958
26205085
26205580
26211812
26219136
26221378
26228501
26236145
26239088
26246910
26251208
26256369
26264059
26269622
26272921
26277710
26282386
26284288
26287618
26294139
26295061
26296111
26299356
26309277
26315688
26323534
26329154
26333537
26335396
26343086
26352906
26359274
26360268
26361215
26362501
26366171
26367716
26376714
26382090
26388383
26394959
26399376
26402151
26406048
26408791
26411684
26417883
26423503
26429174
26431958
26435336
26442926
26443745
26449503
26451608
26460108
26461965
26467085
26469366
26471025
26472848
26481613
26487457
26493888
26495747
26503815
26504882
26513406
26518610
26524782
26528452
26529601
26537215
26543362
26544898
26553788
26556114
26560292
26566085
26573441
26581772
26588254
26594295
26598275
26600488
26606303
26610613
26613583
26616012
26624694
26629353
26635667
26640890
26642575
26651164
26660516
26668116
26674428
26675790
26683402
26684747
26691539
26700971
26706931
26714960
26717639
26726271
26731310
26733131
26738874
26740127
26743839
26746500
26749499
26755288
26764663
26767290
26770978
26777325
26784818
26790773
26796206
26800579
26807313
26816163
26822218
26825027
26825923
26830480
26833201
26842160
26849243
26858032
26861519
26871386
26876710
26885127
26888921
26892732
26895047
26898423
26904157
26908740
26915065
26922243
26929864
26937977
26939421
26944974
26952291
26960365
26965494
26971167
26974176
26978981
26981217
26988498
26998488
27006805
27010688
27011454
27019217
27027656
27033366
27035961
27039389
27047088
27051851
27059193
27062881
27067830
27069002
27076635
27079848
27086114
27091008
27093612
27097386
27102739
27106336
27113220
27117943
27126798
27133865
27136459
27137217
27144168
27145120
27150570
27155280
27163644
27164328
27164702
27170002
27178574
27184549
27192756
27193647
27194147
27199404
27204356
27206673
27216211
27221872
27227351
27231055
27236354
27237362
27244482
27245449
27245586
27253618
27262257
27264805
27265692
27274667
27282189
27287209
27290902
27291709
27298558
27303305
27303796
27305739
27308022
27308444
27315696
27323052
27331450
27338562
27340211
27343566
27344240
27348900
27349810
27355772
27357519
27358920
27359885
27366283
27375605
27382649
27385374
27391021
27400132
27402130
27405440
27412808
27422756
27425178
27434086
27439617
27443289
27452659
27455393
27460754
27463697
27472576
27476642
27483905
27489684
27494740
27496787
27502391
27506633
27514603
27516697
27525448
27535347
27540489
27550302
27559771
27562376
27569904
27577633
27586641
27588016
27591189
27597285
27597808
27602646
27609999
27617000
27621713
27627719
27633565
27642341
27651283
27654666
27656331
27659365
27664618
27672733
27677043
27683332
27692845
27699175
27708690
27715926
27721958
27730617
27736107
27741426
27745794
27746017
27748825
27755579
27764112
27771387
27777366
27779382
27781361
27785763
27789564
27790355
27794649
27795013
27799064
27799286
27801703
27805615
27811407
27811823
27813890
27819443
27821025
27828733
27831210
27839145
27848876
27858594
27864050
27867183
27873841
27878479
27887755
27897630
27905447
27907490
27912054
27914406
27920204
27923311
27932972
27933441
27935755
27937349
27938441
27948425
27955807
27960915
27964050
27967222
27976504
27983648
27989228
27992590
28002282
28011102
28018339
28023113
28025335
28030462
28035923
28036659
28041483
28046698
28055823
28056427
28058807
28062151
28071974
28081175
28088656
28097261
28102017
28105748
28115315
28121337
28129122
28137112
28144826
28152008
28154963
28163491
28163932
28172963
28175494
28179374
28186947
28193935
28199236
28201541
28206932
28209615
28216913
28226734
28233560
28239334
28245796
28248932
28252060
28253377
28254781
28255488
28261481
28265338
28270607
28277839
28278060
28286555
28295762
28299139
28303230
28306413
28309543
28312919
28314417
28322497
28323311
28324585
28325109
28333310
28335614
28338691
28345278
28352341
28361648
28367354
28377190
28379892
28383119
28389152
28391568
28394782
28398875
28407876
28411372
28413968
28419779
28423683
28426012
28435541
28443705
28448990
28456083
28465214
28469053
28478612
28486893
28489283
28494930
28504891
28511905
28519856
28526730
28534944
28538102
28539475
28549191
28555074
28560002
28565286
28566904
28573021
28574532
28578691
28586507
28596338
28601310
28604071
28607898
28614481
28617749
28624782
28631936
28632838
28641659
28645331
28646226
28648349
28655303
28661526
28665138
28670174
28674019
28678709
28688254
28688662
28695626
28703325
28707838
28717617
28718445
28720177
28726853
28736275
28745317
28746962
28756898
28760372
28762413
28768227
28769339
28770596
28774297
28780506
28782817
28790011
28796809
28805473
28813390
28813501
28813949
28815435
28818835
28821543
28830358
28838987
28848745
28853447
28855727
28865594
28869441
28873639
28874234
28876667
28884642
28888227
28893688
28902963
28908284
28917577
28927482
28931543
28940606
28948680
28948966
28951309
28953618
28958116
28967016
28971959
28974933
28982747
28991995
29000435
29009194
29015457
29018136
29020308
29025939
29033889
29034569
29039172
29048076
29057732
29066221
29071853
29077708
29081182
29084897
29085789
29088131
29096736
29099242
29108012
29116416
29118477
29123953
29130735
29131169
29134053
29141665
29149700
29150394
29156112
29157982
29163917
29165033
29168145
29171219
29176912
29182368
29192202
29200560
29205462
29213727
29222350
29229425
29230694
29234613
29242986
29249868
29255842
29264111
29264484
29268795
29276037
29283958
29285566
29291641
29294739
29300948
29301447
29305935
29312389
29319469
29324190
29332940
29336645
29346322
29348142
29353185
29362715
29366431
29367111
29371325
29374062
29382444
29390872
29398076
29405455
29408843
29410185
29419357
29420986
29426171
29431252
29433585
29436954
29437471
29438588
29442051
29449315
29456664
29457692
29466106
29468646
29469262
29472842
29482317
29488261
29494994
29495224
29501574
29511021
29512701
29517991
29522837
29523171
29528462
29533603
29534547
29537186
29538187
29541147
29543289
29547260
29549042
29550608
29558910
29565121
29570675
29573989
29581985
29584707
29594231
29595489
29597795
29607325
29613400
29619380
29627399
29633401
29640201
29650116
29652091
29652293
29661148
29665794
29667842
29671333
29673674
29675783
29681411
29691248
29697323
29700924
29710735
29718860
29718876
29722659
29729139
29732142
29733371
29740036
29746865
29754327
29759000
29765937
29774952
29775292
29777329
29784628
29787700
29795598
29795624
29797350
29805337
29813310
29817612
29824762
29829420
29835582
29840140
29849605
29852208
29861216
29870437
29876872
29878433
29879553
29885556
29895149
29895956
29896138
29903843
29909818
29917753
29927512
29930872
29940430
29940702
29941404
29950501
29956923
29963306
29964959
29967214
29975009
29978789
29988753
29990521
29992848
29995621
30000134
30002817
30009229
30015518
30023371
30030887
30032563
30042037
30044500
30045687
30047054
30052035
30054522
30061268
30071252
30076778
30085403
30087568
30090885
30094777
30099732
30104351
30105112
30113195
30120400
30125043
30133074
30136643
30143287
30148785
30156502
30166470
30173049
30174186
30182437
30186599
30192190
30198113
30199663
30201362
30205456
30210372
30214394
30215210
30221645
30222818
30232250
30242159
30245903
30253714
30256714
30260718
30268670
30274143
30281534
30282368
30283695
30283753
30288830
30296953
30297034
30297714
30306750
30310164
30318032
30321794
30325146
30327725
30337105
30341328
30350670
30352558
30353151
30360569
30369089
30369676
30379658
30382232
30389771
30392173
30401469
30409565
30416082
30419288
30426201
30431621
30440787
30449985
30450281
30453905
30454027
30462499
30466602
30469535
30476847
30476953
30484122
30494109
30498983
30500750
30507748
30507944
30508745
30516358
30526194
30526731
30529535
30533545
30533876
30540956
30546497
30549408
30557621
30559060
30566596
30575281
30581154
30588948
30597645
30598185
30599276
30601901
30611646
30615145
30619346
30627063
30633515
30634524
30638096
30644025
30648331
30654861
30656958
30657027
30657708
30661497
30662572
30672257
30674092
30683182
30689229
30698629
30703734
30713479
30720027
30723263
30727787
30729800
30737869
30747044
30750839
30756583
30761291
30762788
30770178
30776970
30782454
30787715
30790097
30799632
30809003
30809505
30811032
30816336
30820170
30822816
30826235
30829552
30839371
30841165
30845297
30853015
30853845
30859702
30864691
30874079
30878831
30881426
30889567
30891546
30891642
30892825
30899835
30906696
30910103
30911003
30916881
30922389
30928425
30935594
30941850
30947906
30951003
30952891
30959573
30959907
30960856
30961428
30969422
30974855
30984174
30986898
30987138
30991340
30993191
31001455
31007786
31015469
31024538
31030410
31030850
31036652
31039843
31048399
31048791
31051488
31059800
31068718
31071370
31071740
31074528
31083076
31083140
31092595
31093861
31095694
31105215
31115062
31117996
31123271
31128435
31133360
31136683
31137226
31142911
31143218
31143662
31144238
31153727
31154587
31157946
31161369
31170137
31174215
31179429
31181258
31189140
31198826
31206126
31208001
31211366
31218108
31227133
31233543
31233623
31236704
31246026
31253505
31257712
31263655
31265655
31267533
31274529
31282773
31289152
31297543
31298125
31304176
31313410
31313440
31316593
31323738
31332196
31338872
31340354
31348238
31349879
31356163
31360975
31364264
31368317
31374781
31382977
31392517
31395283
31397931
31398752
31407178
31415631
31423947
31429044
31434343
31437423
31437793
31443047
31450571
31451382
31451767
31451839
31453327
31455907
31457785
31461849
31465479
31474617
31483980
31491525
31498427
31506630
31516603
31517981
31527251
31535732
31544387
31551840
31557537
31562434
31572068
31577032
31584830
31589398
31591956
31601030
31605796
31614885
31619047
31628300
31632747
31635882
31638521
31639815
31644997
31647497
31655284
31660646
31664375
31671219
31674884
31677285
31678631
31681168
31688373
31697013
31705205
31710672
31718245
31720858
31730250
31732069
31732464
31736351
31742143
31750564
31755428
31765091
31769343
31770047
31773066
31778336
31787530
31788326
31791068
31793321
31796040
31803950
31808015
31815434
31818959
31824393
31833017
31835216
31843076
31844074
31847865
31856483
31860879
31862214
31865660
31871355
31871728
31872291
31875595
31882486
31882932
31889894
31894443
31898494
31901232
31903449
31912233
31918727
31927967
31936179
31936877
31943029
31945902
31955262
31962587
31962602
31963207
31969561
31973982
31982988
31989370
31997633
32003513
32004765
32005659
32015252
32018475
32027147
32036784
32044251
32050055
32053666
32059684
32069286
32071609
32071739
32074253
32077101
32084467
32093330
32094801
32097134
32103694
32108737
32113472
32118772
32119687
32128441
32135511
32140558
32143122
32152909
32157427
32161283
32167367
32171193
32172643
32181625
32187427
32194990
32200352
32207096
32212452
32220521
32221514
32229923
32231072
32240225
32242067
32247147
32257019
32261897
32269562
32272596
32277534
32283649
32289671
32289757
32292883
32300299
32309095
32314004
32318646
32327591
32334358
32339467
32345361
32348024
32354844
32356460
32364913
32374182
32383224
32387477
32397024
32401868
32407562
32410661
32419948
32420111
32428901
32438170
32438173
32444172
32444895
32449550
32455756
32464935
32467416
32468356
32475598
32480146
32489964
32495157
32495798
32498794
32500744
32504145
32513187
32514940
32523931
32531960
32532098
32536130
32545163
32551850
32553384
32557563
32561050
32561126
32565883
32571464
32577528
32578341
32584343
32591821
32595958
32604822
32606692
32611604
32618184
32619280
32628996
32634992
32636893
32637114
32639296
32647161
32649006
32653950
32660508
32664278
32669398
32675350
32681508
32689447
32699281
32699843
32705308
32706412
32712466
32720499
32728829
32734687
32739013
32741655
32748761
32756080
32762870
32768824
32771816
32777053
32783408
32792622
32792806
32798120
32801122
32802609
32811575
32812458
32817092
32817604
32817663
32825566
32832329
32840086
32847772
32848683
32854771
32859501
32863212
32871153
32871529
32880070
32883426
32884936
32886019
32894540
32899090
32905816
32907768
32912399
32921525
32927875
32927894
32933817
32940594
32942478
32948800
32954449
32961876
32970251
32975900
32979943
32983990
32986898
32989222
32994638
33001026
33003197
33005383
33012673
33014053
33023133
33031286
33031785
33034135
33037541
33043721
33048910
33056801
33062423
33069424
33075205
33082811
33085627
33088113
33097308
33100712
33102212
33106832
33108729
33109451
33116323
33118431
33125925
33126003
33131081
33137767
33139868
33142874
33152178
33156995
33164778
33169175
33173714
33179567
33189016
33189436
33191753
33201100
33202887
33209844
33214913
33216855
33218870
33228568
33236646
33245129
33247651
33249975
33252878
33255273
33263059
33265867
33273077
33276486
33282122
33287461
33296196
33302147
33307228
33314595
33323039
33324306
33325382
33327411
33335094
33343245
33350464
33351330
33357930
33364856
33367447
33372782
33377531
33379701
33385358
33388814
33393915
33397958
33400697
33408319
33417680
33423714
33429099
33432002
33435204
33442359
33447441
33449612
33453144
33454129
33458440
33460794
33467908
33477495
33483213
33485510
33490762
33497350
33503785
33511397
33511479
33520368
33528340
33537833
33543429
33548176
33557047
33561433
33571209
33580397
33581864
33591501
33597819
33600609
33601097
33602446
33609281
33613672
33622468
33624581
33627781
33636822
33639144
33648461
33657588
33662089
33668650
33673999
33675665
33682689
33683471
33686117
33695141
33703003
33709914
33714070
33720610
33725757
33728107
33736329
33737140
33741413
33742331
33745201
33752003
33755118
33760906
33762158
33769264
33775247
33782908
33784622
33785855
33791673
33797833
33806204
33813890
33819216
33822952
33830780
33834541
33841444
33845213
33851729
33857365
33862048
33868708
33875412
33877222
33880277
33880885
33886044
33895727
33902421
33902908
33904232
33912537
33915309
33916887
33926657
33934739
33939428
33941302
33950520
33955834
33956020
33960280
33962183
33967059
33974788
33978932
33984271
33993123
33999847
34004030
34008808
34015837
34016376
34022350
34023954
34031844
34032239
34033490
34037923
34040398
34043558
34043977
34048469
34054131
34057850
34066495
34071673
34074160
34076993
34082864
34091412
34099962
34102141
34111168
34115087
34115515
34121133
34130298
34134311
34137672
34138996
34139872
34141148
34141856
34144794
34152868
34161329
34167761
34177107
34186189
34187372
34188340
34191469
34199610
34207684
34217555
34218793
34227498
34231889
34235463
34239240
34247855
34255547
34257838
34266776
34276535
34281821
34282343
34288397
34289759
34294526
34299161
34301820
34305240
34313303
34316110
34323435
34332495
34342461
34349293
34355543
34359728
34362567
34362644
34364115
34373085
34374902
34376989
34386707
34395493
34397308
34399822
34399909
34406260
34407123
34415566
34416913
34425487
34432199
34436178
34444113
34450581
34455353
34462334
34469323
34472358
34473691
34481021
34487188
34496891
34501303
34503357
34506962
34515462
34520418
34528608
34533598
34535660
34538441
34542002
34543036
34552665
34553190
34559030
34566268
34567927
34568391
34578122
34584843
34589757
34595493
34596679
34605802
34615569
34621778
34629158
34633540
34635505
34643284
34652476
34660760
34667920
34675210
34678384
34686472
34692839
34698601
34700697
34705346
34713503
34718538
34719172
34729116
34737968
34740732
34749263
34749505
34755551
34756499
34765010
34769915
34778380
34778888
34783899
34792993
34801695
34803928
34809205
34818174
34820485
34828130
34835343
34835456
34841995
34843912
34849323
34854913
34858352
34861213
34869539
34874727
34880001
34884648
34890438
34893208
34894053
34897903
34899519
34904655
34907836
34917739
34920447
34922751
34931517
34934628
34940967
34947473
34951007
34957584
34960578
34969525
34971073
34974809
34980303
34988456
34995307
34996211
34999910
35005963
35007537
35015234
35024455
35025834
35026500
35028552
35031378
35033663
35037913
35043299
35051421
35061024
35068571
35075823
35077891
35081674
35090440
35097413
35097931
35106592
35108107
35112119
35116943
35124143
35128814
35135124
35138106
35146050
35155575
35156007
35162223
35165654
35172224
35181698
35185218
35186892
35193148
35200162
35208242
35215071
35222064
35229232
35237365
35245828
35251458
35255034
35257389
35260034
35263349
35267047
35275606
35284992
35285864
35293959
35295162
35303182
35306213
35309073
35315906
35320948
35328728
35333152
35341432
35344185
35354167
35361003
35362679
35363877
35373270
35381400
35383533
35389155
35396296
35397656
35403502
35410983
35414318
35417212
35417331
35421071
35428897
35429355
35432253
35433899
35441269
35449154
35457193
35467180
35469793
35470992
35474012
35475720
35482398
35486499
35490696
35493007
35499621
35509568
35516203
35523869
35531902
35537898
35541814
35543649
35546716
35549242
35550378
35553229
35554714
35558341
35559832
35567322
35573786
35576003
35582838
35587770
35593167
35597002
35604354
35607410
35608192
35616433
35622700
35627349
35628545
35631644
35633952
35635005
35635571
35636718
35645122
35653533
35659232
35668263
35670850
35675539
35679576
35687621
35690748
35700704
35702706
35704964
35708415
35711000
35717976
35718843
35722098
35723122
35729086
35739035
35744932
35751332
35751915
35754018
35763954
35770543
35777548
35779977
35781490
35782728
35788859
35791347
35799067
35807510
35813922
35814058
35823167
35827067
35829060
35835335
35835495
35836932
35840047
35841575
35849065
35852047
35858741
35862529
35872259
35881257
35886973
35889251
35897059
35898458
35901132
35906562
35912627
35921647
35925370
35933545
35939121
35947176
35948887
35951549
35961419
35971171
35973267
35983045
35984050
35986130
35993275
36002958
36009181
36010081
36016285
36023021
36028506
36035990
36036700
36045076
36045147
36054693
36054837
36057711
36058335
36066295
36067484
36073036
36074862
36080809
36088852
36096250
36097871
36100483
36108131
36108940
36118435
36119128
36129083
36132645
36142174
36151791
36157754
36166187
36171857
36176844
36180260
36187779
36194932
36201124
36201528
36206580
36208030
36215759
36220741
36220819
36228047
36237816
36244091
36246454
36255292
36259641
36266410
36266704
36268644
36273365
36281502
36287699
36293116
36300547
36309227
36314382
36314505
36315659
36324861
36330030
36335257
36338226
36339750
36344782
36352734
36354981
36355354
36357124
36357795
36360001
36367336
36376062
36385351
36394563
36396067
36397197
36398814
36398916
36407684
36415542
36422702
36423520
36433150
36435100
36438035
36447284
36454615
36455737
36463618
36471690
36478477
36487093
36494199
36497958
36500857
36506281
36507560
36508122
36512069
36518140
36526855
36534349
36539351
36543340
36551832
36552126
36561854
36563934
36568214
36569777
36577438
36582300
36585971
36588589
36595568
36595624
36599870
36606597
36611535
36611706
36612591
36617990
36626390
36627470
36628636
36635439
36637225
36639715
36646229
36648909
36656025
36657360
36662738
36669902
36677183
36679743
36684422
36688353
36694041
36701804
36711018
36711513
36717764
36724340
36731335
36734949
36737490
36738986
36739923
36743712
36751887
36755248
36759332
36760406
36766612
36773018
36773917
36774309
36775650
36779437
36787146
36793046
36796785
36797360
36799543
36803387
36804652
36805510
36807301
36809475
36812893
36815474
36824890
36828128
36829823
36838856
36846394
36848108
36851002
36854874
36862175
36870327
36873741
36883413
36885279
36889390
36897264
36902998
36904284
36909070
36910574
36920149
36924761
36925994
36933398
36938775
36945925
36946903
36949364
36951020
36955380
36957497
36959669
36967889
36968794
36969087
36978668
36986060
36989282
36995483
37004951
37010060
37012137
37021300
37023561
37032446
37034553
37038841
37045160
37054148
37060846
37062676
37063834
37070939
37075142
37078082
37088069
37091399
37094771
37096157
37098680
37099109
37108203
37112333
37121358
37129081
37131662
37134028
37141012
37147210
37149006
37150663
37155681
37161277
37165938
37169164
37173450
37178678
37183009
37183755
37191620
37192144
37202004
37204075
37206142
37213755
37219264
37227089
37236646
37242525
37243729
37249554
37253694
37261932
37268008
37271442
37276847
37284069
37286454
37286829
37287746
37288196
37289989
37293481
37299252
37308347
37318093
37321062
37321483
37329947
37332120
37337753
37339469
37343752
37344607
37348520
37358453
37364533
37374061
37378288
37385156
37392774
37397040
37398906
37401953
37402767
37407823
37410175
37414131
37418563
37418643
37421495
37428879
37430964
37432355
37436450
37444936
37450692
37451707
37453816
37458312
37463933
37464708
37472428
37477568
37484187
37492194
37495170
37500376
37501238
37506365
37514437
37521051
37529651
37537894
37545392
37550814
37555808
37558101
37566831
37573450
37582969
37585664
37592839
37599612
37605250
37606596
37609890
37613182
37621531
37621972
37627917
37630638
37637150
37645625
37650222
37651004
37659645
37669526
37673831
37678634
37682020
37691129
37700683
37707001
37716023
37718441
37719708
37727394
37735103
37743005
37746023
37749067
37751665
37752714
37757408
37764687
37769286
37769702
37770074
37778700
37787675
37796198
37803751
37808723
37809688
37818663
37819841
37825061
37829527
37831255
37837926
37842445
37850166
37853373
37862963
37865779
37866345
37866837
37871280
37880402
37888262
37895670
37901915
37910256
37919273
37928339
37929767
37937009
37939485
37939737
37949200
37950205
37959892
37960965
37968687
37970821
37973244
37982801
37984317
37993977
37996601
37996954
38004920
38007135
38008285
38017166
38020422
38021270
38027756
38032832
38033493
38036732
38046535
38055863
38060630
38063671
38068723
38077362
38087320
38092836
38094702
38097496
38104929
38105585
38109289
38110697
38120464
38130291
38137198
38146033
38149056
38152681
38153242
38160441
38167596
38170243
38174864
38178375
38184066
38186004
38195284
38195683
38203273
38205106
38207527
38210711
38215666
38225358
38228497
38238476
38245370
38252593
38254326
38263347
38263906
38266721
38275510
38284593
38291741
38293588
38293816
38298963
38302265
38311288
38312751
38316941
38317902
38323800
38330580
38338754
38339286
38347505
38356379
38362490
38371275
38374727
38384541
38393634
38402081
38411867
38414797
38421504
38429394
38434114
38435186
38437149
38445433
38445719
38451275
38452738
38453167
38455860
38461835
38464557
38464771
38473749
38474285
38482208
38492028
38493009
38501133
38501460
38504027
38508680
38510719
38516378
38516644
38522839
38531354
38532781
38534442
38538105
38544582
38545472
38553702
38557648
38564655
38571125
38575947
38581388
38584979
38587498
38591961
38595419
38604466
38609182
38613729
38616296
38622606
38623807
38628855
38635539
38643223
38648608
38657880
38666790
38667344
38670261
38679434
38679884
38686204
38689306
38698964
38701604
38708140
38711904
38719212
38720726
38729997
38739728
38744863
38751867
38752495
38753438
38761875
38764085
38773102
38773595
38783164
38785596
38786995
38788848
38793994
38797116
38799634
38801065
38805876
38806453
38812478
38821407
38831254
38833573
38842037
38843279
38852137
38860840
38864303
38873413
38873999
38880243
38881247
38887910
38890322
38893894
38894244
38894328
38897771
38899283
38902915
38908107
38911295
38913250
38915183
38916905
38920222
38921578
38926848
38936837
38936920
38944946
38951081
38951644
38951743
38956011
38959794
38968669
38971693
38973407
38983229
38990128
38992723
38995918
39000911
39009651
39018628
39025135
39029447
39037456
39042254
39050679
39058232
39068123
39076058
39085949
39092395
39097224
39098773
39104371
39108924
39115346
39120711
39129925
39132076
39133100
39136249
39138134
39147984
39157876
39158821
39164881
39174002
39175362
39178317
39187761
39190348
39197243
39198636
39203619
39206939
39213630
39215383
39223503
39224735
39229728
39234103
39235835
39239271
39240255
39246854
39254801
39260883
39269027
39269784
39276135
39284006
39290881
39292522
39297682
39300367
39309466
39317787
39320028
39322160
39326064
39331271
39336458
39338151
39341283
39345829
39352576
39354545
39364102
39365246
39369816
39374024
39381885
39387053
39393015
39395044
39400102
39408299
39416851
39420665
39425822
39430453
39436040
39437610
39444531
39454431
39461230
39463153
39467731
39472599
39482140
39482183
39489007
39492249
39495060
39499807
39502621
39508883
39515454
39522693
39528968
39535639
39537658
39539727
39540580
39548546
39549099
39554879
39562923
39565609
39568370
39576811
39585221
39590644
39592016
39600596
39606305
39613754
39619648
39629137
39633472
39641934
39642859
39643718
39647329
39654233
39656474
39658597
39659552
39663986
39671582
39677372
39679630
39686081
39686904
39688380
39695743
39700115
39708121
39712414
39716202
39720477
39727822
39737100
39740415
39749951
39755791
39759832
39765204
39770569
39775676
39782230
39784650
39787260
39796407
39806077
39806250
39807792
39814872
39824839
39830365
39838823
39847415
39848945
39849878
39851741
39856758
39858439
39861179
39868099
39869670
39875641
39878559
39884073
39886974
39894263
39898859
39906986
39914444
39918961
39925514
39934684
39935988
39936343
39940269
39949474
39949847
39952152
39957402
39957777
39963735
39970994
39978596
39980821
39985890
39995073
40002162
40008593
40012847
40014126
40020986
40028502
40033116
40034528
40035197
40035986
40039291
40039850
40049803
40056971
40063425
40068749
40069125
40072059
40074484
40081892
40082301
40089608
40098742
40107943
40109799
40112374
40112579
40114343
40121932
40131480
40141294
40142254
40148759
40154631
40163856
40171666
40176881
40183494
40187224
40189747
40194376
40204227
40207587
40210247
40216245
40225468
40230525
40230639
40232973
40235585
40241629
40247392
40249681
40252297
40253091
40256555
40262579
40266869
40275494
40280691
40284372
40290099
40297506
40300261
40309751
40310883
40315170
40321537
40322258
40327048
40332179
40340687
40348818
40355071
40360334
40367577
40375176
40384495
40392516
40399887
40405213
40411086
40412529
40414308
40424230
40429093
40437026
40443613
40443853
40452754
40461225
40469460
40470463
40480253
40489241
40494564
40503506
40511387
40515775
40518457
40526271
40527684
40536121
40543828
40552110
40553471
40561192
40569297
40575961
40580382
40588486
40596577
40599310
40608845
40612111
40612625
40613329
40621927
40629122
40630993
40638812
40639975
40644426
40653627
40662962
40663951
40673184
40680877
40684833
40690172
40692071
40698365
40704431
40707427
40714680
40719092
40723075
40727981
40737409
40744770
40752750
40753395
40756032
40765462
40767172
40777016
40779478
40786474
40794969
40803208
40811249
40818631
40819653
40824829
40834310
40837034
40841251
40842626
40849860
40858127
40867141
40876121
40884003
40885723
40893956
40897068
40900697
40905884
40912704
40914876
40920061
40923749
40929318
40929617
40938313
40941625
40948958
40955538
40958797
40962619
40968989
40971868
40979365
40980459
40986119
40992231
41000163
41003051
41010640
41010697
41011101
41020199
41020687
41023145
41024507
41025150
41031900
41034032
41034163
41038919
41048295
41048739
41057834
41063675
41069508
41074543
41076748
41077625
41087296
41091073
41095806
41101778
41111585
41121530
41125643
41133084
41136038
41136526
41143503
41144447
41146254
41152365
41156535
41158037
41165827
41172868
41180382
41181674
41190801
41192831
41197801
41207308
41208993
41217294
41221334
41229463
41235409
41242345
41243257
41250682
41253329
41259378
41266025
41270818
41279546
41287213
41296881
41299294
41307305
41314668
41316983
41318968
41328515
41337224
41339215
41339466
41346823
41352626
41356598
41357069
41358163
41363771
41363921
41365429
41374188
41376735
41380376
41387891
41396921
41399808
41402998
41406198
41414736
41416247
41421413
41423190
41433176
41435927
41444253
41447961
41457036
41457825
41461585
41466943
41475788
41478043
41478269
41487378
41487722
41490232
41495340
41501890
41508530
41513913
41522004
41528495
41531241
41540044
41545146
41547822
41550512
41552108
41556589
41558427
41561870
41569478
41577980
41581374
41582656
41583170
41584830
41588722
41594009
41595436
41602525
41606568
41610720
41614864
41617228
41617708
41618976
41626109
41632317
41637437
41646070
41651077
41657875
41661167
41667186
41672321
41677787
41682475
41686813
41691528
41692735
41693871
41694837
41701083
41707981
41716522
41718644
41720756
41721052
41726147
41731357
41733469
41739106
41744991
41753745
41754110
41754120
41754985
41760877
41762345
41766179
41766234
41772560
41779252
41781813
41785424
41787158
41790291
41794468
41795893
41796703
41805430
41811393
41815577
41818929
41820760
41821423
41826471
41827974
41832066
41840674
41849149
41853838
41861966
41870236
41871316
41874641
41875531
41877820
41883654
41891011
41894291
41897689
41903176
41903793
41913210
41920772
41924816
41928245
41933782
41934591
41938317
41943099
41946049
41946354
41950941
41957177
41959432
41967504
41969127
41975404
41985048
41989310
41996289
41997424
42003192
42013001
42015464
42023079
42026930
42035269
42044453
42053175
42059123
42059213
42066058
42068736
42072820
42074176
42076387
42082138
42090743
42092667
42098740
42105158
42115088
42118381
42125963
42133170
42142306
42142684
42148825
42153305
42158299
42160059
42166702
42173590
42177552
42182561
42190968
42192754
42201317
42210507
42217395
42226682
42231438
42236678
42243931
42246974
42251701
42254496
42262357
42264802
42272201
42278016
42279766
42282399
42285302
42292922
42296269
42298841
42307161
42312090
42314185
42317180
42320911
42327152
42331870
42338303
42343451
42345854
42347073
42351860
42352971
42361096
42367260
42375533
42377993
42383229
42392711
42399466
42409104
42412107
42416399
42424460
42425790
42427571
42432926
42434519
42436650
42444498
42448961
42455953
42456515
42466372
42473157
42481449
42488667
42498056
42502626
42511663
42518849
42521372
42523172
42526242
42530301
42538025
42542914
42544117
42551022
42556770
42564498
42573484
42580963
42581635
42587464
42593699
42597142
42601721
42611362
42620902
42621766
42625301
42625324
42630290
42634396
42634921
42638126
42640564
42648089
42651122
42659340
42667292
42674634
42677911
42684065
42694048
42698307
42708298
42710646
42711720
42716806
42718000
42722940
42728711
42732003
42735825
42736846
42737447
42744707
42751768
42760686
42767886
42774562
42779966
42783035
42787277
42791338
42791715
42793509
42802993
42805791
42812390
42819112
42821447
42827965
42836729
42845829
42848767
42850850
42855765
42864452
42873973
42883364
42890318
42892176
42893868
42899862
42907392
42917390
42923340
42928943
42930573
42934643
42938690
42945570
42950085
42954780
42957749
42958579
42964702
42974216
42979460
42989078
42998515
43001193
43008679
43010436
43014864
43017410
43021236
43023506
43027380
43028380
43030080
43030369
43038011
43045840
43048383
43052260
43059563
43067256
43071139
43075279
43083283
43083631
43087669
43090640
43092424
43092815
43093341
43103150
43105059
43109396
43116012
43120289
43124703
43125129
43127529
43137473
43140292
43143957
43146706
43152219
43161125
43170174
43171470
43176181
43182401
43185051
43191892
43195237
43198942
43200029
43201459
43210252
43220164
43220737
43228874
43230850
43232289
43234660
43237705
43245268
43246880
43247468
43257185
43260923
43261769
43263098
43272387
43276764
43277039
43286555
43286953
43292001
43300575
43305623
43307567
43310340
43310600
43315116
43320138
43322283
43327743
43330997
43336920
43342104
43349145
43355653
43358673
43367131
43367368
43375973
43381288
43384071
43388522
43391849
43392112
43398455
43400808
43410153
43416919
43418509
43423677
43433365
43440765
43441228
43441742
43441862
43450647
43460023
43462590
43466182
43470952
43477603
43482351
43486631
43494987
43502319
43508352
43510350
43514097
43522263
43523819
43528822
43531601
43540866
43541473
43548846
43548896
43552974
43554313
43560566
43564616
43572011
43579899
43584340
43587605
43589654
43595776
43598956
43607146
43612916
43621853
43630022
43633119
43641344
43644085
43645628
43647708
43651510
43654594
43664280
43667834
43674618
43678932
43683364
43690710
43692491
43692783
43694377
43700067
43705607
43713064
43715649
43725434
43729548
43731105
43740339
43742622
43742977
43752188
43756806
43759961
43766098
43775568
43779180
43780083
43787370
43791054
43799815
43808831
43815715
43815787
43819060
43825729
43835117
43836463
43838046
43841209
43842473
43847870
43857465
43858204
43867720
43874061
43881463
43890639
43897688
43904891
43910339
43916542
43916599
43919758
43920259
43920776
43921256
43928145
43934741
43935509
43940088
43949300
43954644
43957750
43964142
43968293
43968815
43974359
43978548
43979268
43980306
43981917
43982097
43983048
43988972
43989053
43992777
44002406
44004280
44004474
44011061
44016133
44019155
44023144
44029471
44038675
44047683
44055034
44055678
44063277
44063651
44073451
44082754
44089506
44094836
44104230
44108832
44111485
44112347
44118993
44120441
44129794
44132722
44140055
44147279
44156557
44162277
44169852
44175090
44180334
44190164
44191104
44193484
44198458
44207874
44208927
44214320
44222261
44229526
44236964
44246092
44252191
44255765
44262423
44271360
44281286
44281688
44291203
44297263
44305199
44314472
44324069
44325334
44332053
44339390
44344635
44349528
44358901
44366081
44374060
44383659
44393441
44395803
44399044
44404917
44410406
44410642
44413385
44413811
44422001
44424284
44426729
44433977
44441524
44450475
44450591
44452042
44459532
44463647
44470000
44470996
44472038
44480452
44480851
44484687
44490151
44500100
44507612
44510357
44519214
44524097
44527040
44535003
44536298
44543548
44546489
44554086
44557237
44562720
44571095
44576366
44580033
44587747
44592683
44595259
44600819
44609328
44613696
44620065
44621767
44623058
44629099
44629168
44631783
44639640
44649545
44651653
44653755
44657354
44662755
44667234
44667688
44675258
44681955
44691361
44699181
44703647
44706428
44707360
44713242
44718838
44728231
44737955
44745915
44751573
44761193
44765974
44767671
44768132
44772256
44779681
44786680
44790693
44792651
44797262
44800834
44804281
44811472
44818503
44826774
44833387
44839775
44843170
44845849
44852757
44860448
44865243
44869530
44876025
44876102
44881457
44881527
44889095
44891759
44892780
44898206
44899781
44905513
44914371
44919259
44923446
44925424
44928525
44934727
44938340
44944288
44948723
44957152
44964564
44965433
44969688
44970814
44977856
44980350
44985688
44989929
44999695
45005977
45011792
45018990
45028185
45030712
45033085
45039574
45047860
45053062
45056163
45061142
45066210
45075503
45082394
45087516
45091974
45096469
45101599
45110513
45114495
45123327
45130935
45131213
45137928
45146071
45147616
45149199
45149241
45154180
45157835
45163187
45167366
45171152
45176838
45180866
45185645
45190822
45199068
45207024
45214840
45219673
45226347
45233452
45235467
45241149
45245522
45253556
45256274
45256977
45266445
45275792
45282886
45286555
45291521
45295347
45299395
45309308
45317076
45319731
45319940
45324306
45325008
45327759
45333879
45336982
45341890
45351215
45357491
45364754
45368740
45375538
45377332
45383406
45388700
45394219
45395022
45400758
45410401
45416030
45419067
45423769
45427104
45431425
45434921
45443113
45446187
45454385
45456858
45458721
45468483
45477627
45479270
45484081
45492740
45501679
45507047
45512228
45514576
45515781
45523533
45524689
45528591
45529928
45539113
45545531
45548592
45550641
45557725
45567055
45574944
45583671
45587023
45595007
45599741
45607853
45614757
45621225
45622199
45624717
45632004
45636177
45646010
45647226
45649254
45650604
45653847
45659783
45664799
45670087
45676979
45684091
45690935
45697667
45707328
45708570
45708642
45709165
45711146
45716501
45721027
45727287
45728258
45735686
45742491
45747412
45755578
45763999
45764121
45771967
45779936
45781061
45784373
45786307
45789461
45793247
45802279
45808363
45816036
45820357
45823953
45824485
45829731
45834302
45836531
45843295
45844306
45852567
45858691
45868109
45877285
45879079
45888565
45896696
45898502
45899917
45902869
45910833
45913524
45921638
45931160
45937233
45939021
45942357
45942701
45946893
45950670
45951400
45961179
45967092
45972037
45981416
45987791
45995923
45998122
46003915
46006368
46006935
46010843
46013944
46019497
46022508
46026280
46034768
46037390
46041408
46046925
46054385
46055205
46062164
46067405
46069274
46074718
46080415
46081732
46086582
46094248
46102269
46102806
46110426
46115771
46119955
46123963
46125669
46127650
46129888
46135978
46137719
46147433
46153403
46158704
46167351
46169985
46177723
46178518
46187881
46195964
46198385
46203533
46212062
46213100
46218560
46219563
46219908
46220248
46220651
46230233
46233810
46234197
46242040
46249288
46251268
46257834
46261023
46262560
46271945
46281900
46283264
46283645
46288290
46296928
46300927
46303416
46308142
46312569
46321724
46330245
46334443
46338540
46340253
46346156
46351644
46361318
46363303
46371286
46374192
46379606
46383768
46389910
46395124
46397123
46400415
46410231
46414190
46414469
46419465
46419785
46423598
46429115
46435511
46437705
46438613
46447684
46450521
46458845
46459820
46461877
46470726
46474386
46476103
46480067
46489644
46494535
46495085
46495415
46504623
46508790
46513962
46519912
46529643
46531825
46532505
46534097
46535478
46545020
46545891
46550057
46557907
46558444
46567293
46573499
46575283
46579665
46589304
46595056
46597782
46604305
46606631
46615823
46620361
46630335
46638739
46642603
46646125
46652816
46662358
46670315
46677593
46681873
46687804
46689420
46696676
46703584
46705929
46714174
46715168
46721341
46727023
46736359
46737138
46743843
46753813
46763072
46767677
46773874
46781930
46785686
46788412
46794621
46797084
46802167
46803815
46810451
46818971
46826389
46827844
46828624
46833717
46836386
46837689
46837774
46841378
46844002
46853290
46857357
46866643
46869275
46876226
46885941
46892720
46898689
46902459
46903622
46909554
46915945
46924648
46928610
46931943
46938184
46942273
46944507
46948056
46956511
46965544
46967322
46970813
46971521
46973910
46974094
46976389
46979915
46982050
46982326
46982376
46985946
46992783
47000526
47001056
47007941
47017181
47024711
47029101
47034035
47038430
47042601
47051964
47061283
47063381
47071031
47074232
47075954
47080358
47087793
47091718
47097669
47101132
47107848
47115075
47115486
47124453
47124690
47126193
47130278
47137016
47137279
47144039
47151762
47156309
47160138
47164748
47166301
47168118
47175613
47180132
47187197
47196256
47203158
47210448
47214894
47222488
47228874
47230921
47235395
47243758
47247940
47252846
47262390
47271589
47281426
47290212
47299896
47304609
47309519
47315153
47318591
47327739
47329294
47329578
47333159
47338317
47342725
47351599
47360639
47369916
47370826
47377773
47380652
47382289
47384144
47390150
47393975
47398050
47403565
47405698
47410169
47410537
47411242
47416667
47421648
47427861
47429151
47431069
47431870
47441326
47447278
47448098
47457942
47463551
47463643
47468956
47475305
47484604
47492424
47499286
47504379
47511125
47513528
47521572
47525169
47532726
47536320
47540298
47550045
47558213
47564345
47569232
47576020
47580478
47584478
47590252
47594855
47603876
47605675
47615054
47615077
47624548
47627801
47633953
47635692
47642216
47648269
47655401
47658024
47667318
47668955
47676412
47677648
47677986
47679467
47681459
47687704
47693104
47694475
47703702
47711199
47714150
47723014
47724797
47727234
47731660
47731745
47740117
47749426
47755485
47756821
47764328
47766371
47769470
47778433
47781572
47785612
47791031
47800011
47807146
47813490
47815308
47824740
47824827
47829262
47839161
47847406
47853528
47854549
47856598
47857725
47863290
47864080
47866634
47872284
47877719
47878148
47879290
47880272
47880616
47885640
47888827
47890876
47898479
47907838
47907973
47914323
47918571
47919450
47922402
47924877
47933533
47938791
47944306
47953946
47956592
47957811
47967546
47969237
47978363
47983794
47984567
47993128
47999131
48003562
48011841
48012096
48018581
48023495
48032745
48033663
48041245
48049429
48054462
48055379
48059291
48064052
48067099
48067875
48073632
48082803
48089676
48092139
48093405
48102056
48103165
48107734
48113318
48121552
48129403
48136170
48144970
48148371
48157706
48160103
48165258
48171394
48181186
48187133
48189736
48193279
48202448
48208746
48211252
48216156
48221213
48222470
48222507
48229606
48236166
48237821
48241969
48242346
48246794
48249117
48255445
48259138
48263727
48270639
48279241
48286485
48288720
48290852
48291744
48292901
48295697
48303600
48308622
48310418
48314476
48314501
48318725
48325989
48335420
48345040
48351999
48360227
48363681
48372226
48379856
48379899
48382608
48388174
48389583
48395379
48403381
48409426
48416811
48426352
48431255
48437655
48445758
48450426
48450789
48452053
48453188
48462213
48470316
48474440
48479763
48487914
48497395
48499266
48503418
48503947
48505555
48515421
48523278
48531391
48535989
48545542
48554461
48562233
48567316
48569686
48574511
48579160
48579387
48579530
48581312
48582184
48588414
48596971
48605975
48607094
48609077
48616986
48618069
48628069
48629681
48637528
48644724
48651866
48661403
48664778
48667746
48675008
48680457
48683641
48691615
48693938
48702733
48706777
48711805
48717342
48721411
48721880
48728360
48737699
48739482
48742136
48748332
48754788
48759810
48766109
48766250
48769826
48778589
48787941
48795899
48799184
48805824
48812517
48821131
48822320
48828534
48828596
48837014
48839921
48842191
48848583
48850759
48854340
48856982
48858525
48866790
48874774
48879709
48889370
48898516
48903779
48912325
48915107
48921339
48923110
48930138
48940121
48946854
48955362
48964469
48974033
48977988
48982602
48987360
48991704
48999604
49006235
49013639
49020118
49024258
49029198
49037624
49047472
49050051
49052278
49053141
49059339
49068598
49070114
49077848
49082870
49088400
49098088
49103824
49104018
49110150
49114906
49118453
49126049
49136018
49140001
49147947
49148114
49152952
49162718
49166192
49169334
49179097
49181657
49190352
49196280
49196880
49197973
49204070
49206377
49212574
49217705
49220111
49229532
49233944
49242832
49245701
49253135
49258804
49265743
49271083
49273483
49281593
49284495
49285814
49289212
49289337
49296653
49305651
49308686
49313986
49319674
49329219
49338981
49342884
49344346
49351701
49357920
49358700
49360406
49369150
49375115
49384979
49386025
49389332
49390772
49391686
49400480
49408025
49412240
49420862
49427162
49434878
49438408
49442081
49450168
49454645
49463111
49463563
49473386
49482675
49484336
49490767
49498417
49504384
49506161
49516068
49523198
49523785
49528150
49530817
49538721
49540835
49549870
49550238
49557880
49566282
49567036
49573692
49578657
49584646
49591022
49596985
49600503
49605098
49609007
49615208
49623345
49627937
49635859
49638574
49639331
49644540
49649644
49653129
49655232
49663350
49666188
49672672
